0.338519 116
0.056500 1
1.771782 1
0.072096 1
0.719759 1
0.143967 1
0.416113 3
0.000015 1
1.087862 1
0.136060 5
0.232122 1
1.319791 1
0.192034 1
0.456298 1
0.128201 1
0.151681 1
0.688076 1
0.047973 1
0.176191 1
0.159660 1
0.911917 1
0.200128 1
0.151985 1
0.160080 1
0.295951 2
2.215826 14
0.000963 1
1.503157 1
0.176002 1
0.216033 1
0.199874 1
0.177760 1
0.102902 1
0.175275 1
0.200143 1
0.632839 2
0.239256 19
0.000149 14
0.000005 1
3.127751 1
0.255985 1
0.135846 1
0.415944 1
0.136029 1
0.152090 1
0.233655 1
1.862433 1
0.335886 1
0.120059 1
0.119891 1
0.239991 1
0.321560 2
0.718671 49
0.000190 1
1.215519 1
0.272153 1
0.176138 1
0.175962 1
0.095405 1
0.144641 1
0.199917 1
0.272246 1
0.735803 1
0.127956 1
0.192107 1
0.279940 1
0.359992 2
0.567956 49
0.000127 1
0.815906 1
0.248020 1
0.151798 1
0.184163 1
0.159744 1
0.144268 1
0.183869 1
0.272612 1
0.615775 1
0.752967 1
0.118601 1
0.223836 1
0.856137 2
0.160058 49
0.000167 1
2.127768 1
0.152122 1
0.304132 1
0.223704 1
0.320150 1
0.151848 1
0.352143 1
0.705490 1
0.158494 1
0.144036 1
3.192078 2
0.223914 46
0.000007 1
1.361398 1
0.150526 1
0.345390 1
0.230577 1
0.136161 1
0.095776 1
0.226327 1
1.926024 1
0.919958 1
0.152232 1
0.135702 1
0.264073 1
1.431949 2
0.592420 33
0.000612 19
0.000007 1
2.087021 1
0.023864 1
0.608034 1
0.168004 2
0.424031 42
0.000067 1
3.143915 1
0.233182 3
0.936837 1
0.189919 1
0.583929 1
0.159562 1
0.320516 1
0.128088 2
0.384032 38
0.000091 1
1.855761 1
0.145214 1
0.230974 1
0.175813 1
0.400081 1
0.980148 1
0.115492 1
0.152356 1
0.255612 1
0.568383 1
0.295984 3
0.543898 3
0.152473 1
0.143528 2
0.656074 9
0.000105 1
1.504002 1
0.345402 1
0.158557 1
0.143998 1
0.215903 2
0.384045 14
0.000031 1
0.991956 1
0.232134 1
0.183853 3
1.136058 1
0.192020 1
0.183741 1
1.064101 1
0.232063 1
0.128035 1
0.240167 1
0.975922 1
0.079865 1
0.191935 1
1.024191 1
0.824148 1
0.167879 1
0.128015 2
0.191923 38
0.000205 1
4.103924 1
0.159927 1
0.207931 1
0.152006 1
0.232016 1
0.487957 1
0.143964 1
0.119977 1
0.296069 1
0.847788 2
0.376515 9
0.000113 1
1.776597 1
3.222874 2
0.762174 14
0.000108 1
2.390280 1
0.967485 1
0.337391 1
0.462591 3
0.816057 1
1.159944 1
0.200005 1
0.672043 1
0.311997 1
3.448431 1
0.144334 1
0.167090 1
0.224191 1
0.056049 1
0.255916 1
0.215728 1
0.304319 1
0.024036 1
0.231936 1
0.888695 1
0.159484 1
0.159821 1
0.407961 1
0.304057 1
0.376402 1
0.191504 1
1.816230 2
2.840066 1
0.383758 1
0.192029 1
0.128049 2
0.264365 38
0.000223 1
3.185116 1
0.150151 1
0.224016 1
0.200050 1
0.505193 1
1.047025 1
0.119529 1
0.168132 1
0.232075 1
0.936114 2
0.215908 9
0.000089 1
4.607930 3
4.231992 1
1.080635 1
0.207471 1
0.249535 1
0.118835 1
0.183553 1
0.720618 2
0.775293 14
0.000038 1
1.784045 1
0.191799 1
0.217747 1
0.886379 1
0.232101 1
1.351933 1
0.424100 1
0.183980 1
1.041603 1
0.638328 1
0.167962 1
0.160096 1
0.600038 1
0.143866 1
0.208069 1
0.176185 1
0.159990 1
1.567986 1
0.215888 1
0.202074 3
0.822099 1
0.175681 1
0.248256 1
0.199865 1
0.689669 1
0.750313 1
2.864212 1
0.223929 1
0.199771 2
0.696312 38
0.000249 1
3.239657 1
0.152077 1
0.240020 1
0.175805 1
0.200047 1
0.280126 1
0.191892 1
0.159904 1
0.311988 1
0.640253 2
2.167988 9
0.000089 1
5.335617 1
0.170142 1
0.301975 1
0.231967 2
0.648745 14
0.000041 1
1.334985 1
0.120214 1
0.207983 1
0.256080 1
0.127932 1
0.199925 1
1.176028 1
0.457111 1
0.126959 1
0.208012 1
0.168440 1
0.223207 1
0.824442 1
0.264100 1
0.233400 1
0.174321 1
0.216124 1
0.560637 1
0.159889 1
0.255511 1
0.247920 1
0.431887 1
0.144159 1
0.151919 1
0.151967 1
3.767901 1
0.992211 1
0.167809 1
0.152125 2
0.224019 38
0.000181 1
2.647891 1
0.103816 1
0.184040 1
0.136308 2
0.343796 26
0.000076 1
1.231793 1
0.168083 1
0.288083 1
0.240009 1
0.079948 1
0.167631 1
0.224414 1
0.199893 1
0.631945 1
0.096057 1
0.120011 1
0.208072 1
1.255906 2
0.191885 33
0.000303 19
0.000004 1
0.903824 1
0.039783 1
0.232234 1
0.112070 2
0.368215 121
0.000093 1
9.735548 1
0.128080 1
0.407839 1
0.136234 1
2.303919 1
0.424111 1
0.095834 1
0.161207 1
0.222919 1
0.817330 2
0.223767 9
0.000137 1
5.703841 1
0.510821 1
0.161368 1
0.134690 1
0.199720 2
0.840330 14
0.000046 1
0.855927 1
0.224030 1
0.215948 1
0.064151 1
0.151925 1
0.721131 1
0.126821 1
0.247960 1
0.136007 1
1.080019 1
0.151948 1
0.208027 2
0.479940 38
0.000215 1
1.031831 1
0.056038 1
0.200102 1
0.136030 2
0.400253 134
0.000147 1
2.975559 1
0.120048 1
0.207947 1
0.127899 1
0.176131 1
0.649773 1
0.102506 1
0.127494 1
0.248147 1
1.359882 3
0.703928 1
0.816086 2
0.248061 9
0.000121 1
3.215871 1
0.064060 2
0.392952 14
0.000114 1
0.799184 1
0.111816 1
0.176315 1
0.159541 1
0.176596 1
0.375480 1
0.247898 1
0.176039 1
0.184024 1
0.023909 1
0.192050 1
0.720277 1
0.135712 1
0.202044 1
0.110097 1
0.687847 1
0.160676 1
0.119549 2
0.208047 38
0.000273 1
2.807730 1
0.063643 1
0.255988 1
0.032413 2
0.319869 42
0.000142 1
4.463875 1
0.216168 1
0.335915 1
0.183905 1
0.295952 1
0.135943 2
0.353427 42
0.000505 1
2.166069 1
0.240348 1
0.167633 1
0.208094 1
0.287859 1
0.159890 2
0.672130 42
0.000197 1
0.391799 1
0.240061 1
0.417801 1
0.197915 1
0.192279 1
0.160104 2
0.319785 38
0.000092 1
3.848203 1
0.079809 1
0.183979 1
0.087983 2
0.224012 26
0.000057 1
0.999919 1
0.151971 1
0.272082 1
0.216085 1
0.096600 1
0.160644 1
0.190660 1
0.264063 1
1.719782 1
0.152051 1
0.136098 1
0.215675 1
0.320323 2
0.296023 52
0.000332 1
7.216139 1
0.143503 1
0.232038 1
0.079954 2
0.359976 26
0.000076 1
0.568016 1
0.127964 1
0.264299 1
0.241361 1
0.118277 1
0.120034 1
0.200178 1
0.527872 1
0.384262 1
0.135718 1
0.161337 1
0.198662 1
0.624034 2
0.159881 52
0.000353 1
1.055624 3
0.775950 1
0.209189 1
0.167030 1
0.191977 1
0.135753 2
0.216216 26
0.000079 1
0.728089 1
0.143925 1
0.287757 1
0.440062 1
0.191857 1
0.135999 1
0.200144 1
0.522273 1
0.271207 1
0.150604 1
0.103888 1
0.216128 1
0.817698 2
0.222239 52
0.000335 1
1.368023 1
0.063713 1
0.215975 1
0.112052 2
0.224007 133
0.000096 1
4.423769 1
0.128174 1
0.191965 1
0.135935 1
0.199939 1
0.287797 1
0.096298 1
0.159907 1
0.176023 1
0.575811 2
0.488232 9
0.000094 1
2.719679 1
0.152200 2
0.832042 14
0.000079 1
1.384506 1
0.183466 1
0.183775 1
0.024064 1
0.448206 3
0.495983 3
0.159887 3
0.144037 1
0.215968 1
0.144096 1
0.239874 1
0.416247 1
0.143883 1
0.143972 1
0.791922 1
0.168072 1
0.119968 1
0.168126 1
2.183978 1
0.567853 1
0.176023 1
0.152000 2
0.192008 38
0.000168 1
3.401853 1
0.054240 1
0.231818 1
0.071916 2
0.383991 115
0.000127 19
0.000005 1
2.736621 1
0.143417 1
0.175766 1
0.112302 1
0.175920 1
1.143733 1
0.087818 1
0.168288 1
0.192079 1
0.191916 1
2.633390 3
1.190554 3
0.184070 1
0.185065 2
0.446933 9
0.000097 1
1.759749 1
0.240144 1
0.175976 1
0.160082 2
0.319986 14
0.000031 1
0.927886 1
0.087976 3
1.186029 3
0.166071 1
0.615847 1
0.063984 1
0.104033 1
0.840155 1
0.199916 1
0.719896 1
0.192456 1
0.199733 1
0.088681 1
0.343296 1
0.184089 1
0.767997 1
0.295977 1
0.376034 1
0.135999 1
0.240025 2
5.631886 1
3.352195 1
0.175661 1
0.160084 2
0.200218 38
0.000231 1
6.344289 1
0.199350 1
0.152007 1
0.207917 1
0.185374 1
0.142597 2
0.320068 42
0.000297 1
3.519770 1
0.111874 1
0.176064 1
0.120216 2
0.207861 26
0.000068 1
1.208344 1
0.111489 1
0.240072 1
0.144024 1
0.120102 1
0.159844 1
0.191936 1
0.353264 1
0.278823 1
0.135868 1
0.160061 1
0.202031 1
0.302382 2
0.408437 52
0.000505 1
1.215111 1
0.063486 1
0.248987 1
0.071690 2
0.281291 133
0.000137 1
0.862127 1
0.064341 1
0.223632 1
0.072000 2
0.328021 42
0.000077 1
1.999879 1
0.466155 1
0.221875 1
0.111878 2
0.384082 133
0.000127 1
1.887895 1
0.160788 1
0.183325 1
0.111910 2
0.232251 26
0.000146 1
1.287415 1
0.128051 1
0.208388 1
0.199724 1
0.104087 1
0.103921 1
0.200046 1
0.175972 1
0.776320 1
0.095301 1
0.128207 1
0.177042 1
0.479013 2
0.239883 52
0.000357 1
0.991688 1
0.104205 1
0.343846 1
0.095906 2
0.256108 118
0.000119 1
1.944716 1
0.239221 1
0.552025 1
0.167999 1
0.167846 1
0.136052 2
0.345937 42
0.000481 1
1.341464 1
0.152140 1
0.256022 2
0.400113 43
0.000013 1
1.023850 1
0.112018 1
0.263957 1
0.136108 2
0.351951 121
0.000106 1
1.559767 1
0.160049 1
0.152119 1
0.176150 1
0.167733 1
0.072434 2
0.327657 42
0.000297 1
1.295677 1
0.185668 1
0.134832 1
0.111422 2
0.736128 119
0.000092 1
2.311949 1
0.231984 1
0.111719 1
0.200219 1
0.120089 1
0.129368 2
0.326629 42
0.000344 1
1.663542 1
0.096086 1
0.223976 1
0.136784 2
0.351133 126
0.000125 1
1.135902 1
0.016069 1
0.183838 1
0.119861 2
0.456210 42
0.000077 1
1.000892 1
0.071150 1
0.255859 1
0.208153 2
0.256004 126
0.000136 1
3.143741 1
0.114005 1
0.174077 1
0.527727 2
0.240228 26
0.000100 1
1.335838 1
0.119831 1
0.216325 1
0.175678 1
0.081365 1
0.151077 1
0.207794 1
0.504202 1
0.216050 1
0.087761 1
0.144034 1
0.175819 1
0.394030 2
0.382109 52
0.000398 1
1.375564 1
0.159481 3
0.544505 1
0.305458 1
0.214791 1
0.071955 3
0.839742 3
0.184073 3
0.104049 1
0.519909 1
0.176056 1
0.103920 2
0.248134 26
0.000084 1
2.879783 1
0.120183 1
0.248000 1
0.248449 1
0.087703 1
0.159587 1
0.472256 1
0.912084 1
0.889691 1
0.134288 1
0.159792 1
0.208048 1
0.231971 2
0.455955 52
0.000356 1
3.271690 1
0.119795 1
0.224102 1
0.144115 2
0.311896 26
0.000100 1
1.145772 1
0.151212 1
0.215083 1
0.231946 1
0.127977 1
0.104083 1
0.175914 1
0.544749 1
0.255194 1
0.127960 1
0.152135 1
0.207872 1
0.776134 1
0.184070 3
1.607989 3
0.175922 1
0.208317 2
0.177032 52
0.000528 1
1.653979 1
0.137818 1
0.190566 1
0.135715 2
0.272115 26
0.000078 1
2.807810 1
0.119977 1
0.072020 1
1.056028 2
0.760023 14
0.000195 116
0.000547 28
1.975359 1
1.440050 1
0.151984 1
0.135989 1
0.135890 1
0.104151 15
0.800757 15
0.136316 15
0.159670 15
0.159838 15
0.144038 15
0.143959 15
0.144031 15
0.160093 15
0.192070 11
1.199944 11
0.096049 11
0.281843 11
0.302100 11
0.251045 11
0.132959 11
0.799896 11
0.304004 11
1.032111 11
0.223802 11
0.232035 11
0.272778 11
0.167358 2
1.160217 14
0.001558 1
3.206823 1
0.190511 1
0.208027 1
0.175922 1
0.240099 1
0.095949 1
0.192451 1
0.199560 1
0.103964 2
0.584060 45
0.000163 1
4.335834 1
0.120380 1
0.079627 1
0.465960 2
0.382307 14
0.000227 116
0.001386 32
2.622351 1
0.409223 1
0.182684 1
0.104095 1
0.175669 1
0.144379 1
0.119975 3
0.519949 15
0.587924 15
0.496478 15
0.031378 15
0.030111 15
0.031009 15
0.031061 15
0.029722 15
0.030455 15
0.028783 15
0.030601 15
0.185012 15
0.176125 15
0.432402 11
1.393733 11
0.085706 11
0.327968 11
0.256161 11
0.135726 11
0.200259 11
0.311965 11
0.080008 11
0.256031 11
0.944118 11
0.330801 11
0.069890 2
1.206905 14
0.001712 1
1.181696 1
0.159919 1
0.152204 1
0.199828 1
0.168001 1
0.064140 1
0.168338 1
0.175588 1
0.079969 2
0.472097 45
0.000602 1
2.807413 1
0.183849 1
0.072078 1
0.200098 2
0.520017 14
0.000477 116
0.000771 31
0.582864 1
0.567985 1
0.500243 1
0.030521 1
0.029236 1
0.030425 15
0.530107 15
0.500075 15
0.031824 15
0.031179 15
0.030063 15
0.030771 15
0.030063 15
0.031001 15
0.029110 15
0.029801 15
0.029700 15
0.154567 11
0.648322 11
0.119469 11
0.128255 11
0.063873 11
0.168204 11
0.663972 11
0.127985 11
0.215819 11
0.272153 11
0.120247 11
0.199689 2
1.032819 14
0.002517 1
1.043875 1
0.176022 1
0.183932 1
0.288012 1
0.728005 1
0.160020 1
0.151974 1
0.192130 1
0.127930 2
0.503900 45
0.000374 1
3.488993 1
0.190650 1
0.048009 1
0.231987 2
0.679973 14
0.000532 116
0.000707 1
1.567051 1
0.448494 1
0.167347 1
0.192081 2
0.463917 6
