0.825701 116
0.048329 1
0.971011 1
0.087761 1
0.695986 1
0.399806 1
0.490320 3
0.000014 1
0.552405 6
0.142929 1
1.110513 1
0.176009 1
0.216008 1
0.208034 2
0.151921 58
14.713442 19
4.358851 35
5.569228 35
5.632446 35
5.966105 34
6.043807 40
24.580673 40
22.880057 40
35.391507 12
7.530273 34
6.776943 40
26.860889 40
46.242048 12
9.997697 34
5.025490 40
17.391983 29
7.368891 12
6.262745 34
7.783480 29
4.736812 29
5.912875 29
6.461977 12
9.418614 34
4.935400 40
22.733986 12
4.095864 34
5.152569 40
19.063503 12
2.840045 14
6.113069 58
8.143975 15
6.976474 14
5.103436 50
16.058917 15
3.460162 34
15.712176 12
9.338216 14
2.061535 63
14.171240 15
4.861281 14
2.617866 63
14.620771 15
2.745197 14
3.130509 2
5.774753 2
0.000728 116
0.001212 1
0.820556 1
0.464010 1
0.249307 1
0.160766 2
0.582291 6
