1 5.0
2 6.0
3 7.0
4 8.0
5 9.0
6 10.0
7 11.0
8 12.0
9 13.0
10 14.0
11 15.0
12 16.0
13 17.0
14 18.0
15 19.0
16 20.0
17 21.0
18 22.0
19 23.0
20 24.0
21 25.0
22 26.0
23 27.0
24 28.0
25 29.0
26 30.0
27 31.0
28 32.0
29 33.0
30 34.0
31 35.0
32 36.0
33 37.0
34 38.0
35 39.0
36 40.0
37 41.0
38 42.0
39 43.0
40 44.0
41 45.0
42 46.0
43 47.0
44 48.0
45 49.0
46 50.0
47 51.0
48 52.0
49 53.0
50 54.0
51 55.0
52 56.0
53 57.0
54 58.0
55 59.0
56 60.0
57 61.0
58 62.0
59 63.0
60 64.0
61 65.0
62 66.0
63 67.0
64 68.0
65 69.0
66 70.0
67 71.0
68 72.0
69 73.0
70 74.0
71 75.0
72 76.0
73 77.0
74 78.0
75 79.0
76 80.0
77 81.0
78 82.0
79 83.0
80 84.0
81 85.0
82 86.0
83 87.0
84 88.0
85 89.0
86 90.0
87 91.0
88 92.0
89 93.0
90 94.0
91 95.0
92 96.0
93 97.0
94 98.0
95 99.0
96 100.0
97 101.0
98 102.0
99 103.0
100 104.0
101 105.0
102 106.0
103 107.0
104 108.0
105 109.0
106 110.0
107 111.0
108 11.100000000000001
109 12.100000000000001
110 13.100000000000001
111 14.100000000000001
112 15.100000000000001
113 16.1
114 17.1
115 18.1
116 19.1
117 20.1
118 21.1
119 22.1
120 23.1
121 24.1
122 25.1
123 26.1
124 27.1
125 28.1
126 29.1
127 30.1
128 3.0100000000000002
129 4.01
130 5.01
131 6.01
132 7.01
133 8.01
134 9.01
135 10.01
136 11.01
137 12.01
138 13.01
139 14.01
140 15.01
141 16.009999999999998
142 17.009999999999998
143 18.009999999999998
144 19.009999999999998
145 20.009999999999998
146 21.009999999999998
147 22.009999999999998
148 2.201
149 3.201
150 4.2010000000000005
151 5.2010000000000005
152 6.2010000000000005
153 7.2010000000000005
154 8.201
155 9.201
156 10.201
157 11.201
158 12.201
159 13.201
160 14.201
161 15.201
162 16.201
163 17.201
164 18.201
165 19.201
166 20.201
167 21.201
168 22.201
169 23.201
170 24.201
171 2.4201
172 3.4201
173 4.4201
174 5.4201
175 6.4201
176 7.4201
177 8.4201
178 9.4201
179 10.4201
180 11.4201
181 12.4201
182 13.4201
183 14.4201
184 15.4201
185 16.420099999999998
186 17.420099999999998
187 18.420099999999998
188 19.420099999999998
189 20.420099999999998
190 21.420099999999998
191 22.420099999999998
192 23.420099999999998
193 24.420099999999998
194 25.420099999999998
195 26.420099999999998
196 27.420099999999998
197 28.420099999999998
198 29.420099999999998
199 30.420099999999998
200 31.420099999999998
201 32.4201
202 33.4201
203 34.4201
204 35.4201
205 36.4201
206 36.4338286827878
207 36.44755219245112
208 36.46127053483416
209 36.47498371577014
210 36.488691741081304
211 36.50239461657895
212 36.51609234806347
213 36.52978494132438
214 36.543472402140345
215 36.557154736279195
216 36.57083194949797
217 37.57083194949797
218 38.57083194949797
219 39.57083194949797
220 40.57083194949797
221 41.57083194949797
222 42.57083194949797
223 43.57083194949797
224 44.57083194949797
225 45.57083194949797
226 46.57083194949797
227 47.57083194949797
228 48.57083194949797
229 49.57083194949797
230 49.58091852622739
231 49.591003050977285
232 49.60108552499956
233 49.61116594954487
234 49.621244325862584
235 49.63132065520081
236 49.64139493880639
237 49.6514671779249
238 49.66153737380065
239 49.67160552767668
240 49.6816716407948
241 49.69173571439552
242 49.70179774971813
243 49.71185774800065
244 49.721915710479834
245 49.73197163839121
246 49.74202553296904
247 49.75207739544634
248 49.7621272270549
249 49.77217502902523
250 49.78222080258663
251 49.79226454896715
252 49.80230626939358
253 49.81234596509152
254 50.81234596509152
255 51.81234596509152
256 52.81234596509152
257 53.81234596509152
258 54.81234596509152
259 55.81234596509152
260 56.81234596509152
261 57.81234596509152
262 58.81234596509152
263 59.81234596509152
264 60.81234596509152
265 61.81234596509152
266 62.81234596509152
267 62.82030618361731
268 62.828265393471185
269 62.83622359503649
270 62.844180788696356
271 62.85213697483364
272 62.860092153830976
273 62.868046326070754
274 62.87599949193512
275 62.88395165180598
276 62.891902806065
277 62.89985295509359
278 62.90780209927294
279 62.91575023898399
280 62.923697374607436
281 62.931643506523734
282 62.93958863511311
283 62.947532760755536
284 62.95547588383075
285 62.96341800471826
286 62.97135912379731
287 62.979299241446945
288 62.98723835804593
289 62.995176473972805
290 63.00311358960588
291 63.011049705323224
292 63.01898482150266
293 63.02691893852178
294 63.03485205675794
295 63.04278417658825
296 63.05071529838959
297 63.058645422538596
298 63.066574549411676
299 63.074502679385
300 63.08242981283449
301 63.09035595013585
302 63.09828109166454
303 63.10620523779577
304 64.10620523779576
305 65.10620523779576
306 66.10620523779576
307 67.10620523779576
308 68.10620523779576
309 69.10620523779576
310 70.10620523779576
311 71.10620523779576
312 72.10620523779576
313 73.10620523779576
314 74.10620523779576
315 75.10620523779576
316 76.10620523779576
317 76.11277500432712
318 76.11934420378111
319 76.12591283630455
320 76.13248090204421
321 76.13904840114677
322 76.14561533375887
323 76.15218170002709
324 76.15874750009792
325 76.1653127341178
326 76.17187740223314
327 76.17844150459023
328 76.18500504133533
329 76.19156801261464
330 76.19813041857428
331 76.20469225936031
332 76.21125353511874
333 76.21781424599551
334 76.2243743921365
335 76.23093397368751
336 76.23749299079431
337 76.24405144360257
338 76.25060933225792
339 76.25716665690594
340 76.2637234176921
341 76.27027961476186
342 76.2768352482606
343 76.2833903183336
344 76.28994482512614
345 7.628994482512614
346 8.628994482512613
347 9.628994482512613
348 10.628994482512613
349 11.628994482512613
350 12.628994482512613
351 13.628994482512613
352 14.628994482512613
353 15.628994482512613
354 16.628994482512613
355 17.628994482512613
356 18.628994482512613
357 19.628994482512613
358 20.628994482512613
359 21.628994482512613
360 22.628994482512613
361 23.628994482512613
362 24.628994482512613
363 25.628994482512613
364 26.628994482512613
365 27.628994482512613
366 28.628994482512613
367 29.628994482512613
368 30.628994482512613
369 31.628994482512613
370 32.62899448251261
371 33.62899448251261
372 34.62899448251261
373 35.62899448251261
374 36.62899448251261
375 37.62899448251261
376 38.62899448251261
377 39.62899448251261
378 40.62899448251261
379 41.62899448251261
380 42.62899448251261
381 43.62899448251261
382 44.62899448251261
383 45.62899448251261
384 46.62899448251261
385 47.62899448251261
386 48.62899448251261
387 49.62899448251261
388 50.62899448251261
389 51.62899448251261
390 52.62899448251261
391 53.62899448251261
392 54.62899448251261
393 55.62899448251261
394 56.62899448251261
395 57.62899448251261
396 58.62899448251261
397 59.62899448251261
398 60.62899448251261
399 61.62899448251261
400 62.62899448251261
401 63.62899448251261
402 64.62899448251261
403 65.62899448251261
404 66.62899448251261
405 67.62899448251261
406 68.62899448251261
407 69.62899448251261
408 70.62899448251261
409 71.62899448251261
410 72.62899448251261
411 73.62899448251261
412 74.62899448251261
413 75.62899448251261
414 76.62899448251261
415 77.62899448251261
416 78.62899448251261
417 79.62899448251261
418 80.62899448251261
419 81.62899448251261
420 82.62899448251261
421 83.62899448251261
422 84.62899448251261
423 85.62899448251261
424 86.62899448251261
425 87.62899448251261
426 88.62899448251261
427 89.62899448251261
428 90.62899448251261
429 91.62899448251261
430 92.62899448251261
431 9.262899448251261
432 10.262899448251261
433 11.262899448251261
434 12.262899448251261
435 13.262899448251261
436 14.262899448251261
437 15.262899448251261
438 16.26289944825126
439 17.26289944825126
440 18.26289944825126
441 19.26289944825126
442 20.26289944825126
443 21.26289944825126
444 22.26289944825126
445 23.26289944825126
446 24.26289944825126
447 25.26289944825126
448 26.26289944825126
449 27.26289944825126
450 2.726289944825126
451 3.726289944825126
452 4.726289944825126
453 5.726289944825126
454 6.726289944825126
455 7.726289944825126
456 8.726289944825126
457 9.726289944825126
458 10.726289944825126
459 11.726289944825126
460 12.726289944825126
461 13.726289944825126
462 14.726289944825126
463 15.726289944825126
464 16.726289944825126
465 17.726289944825126
466 18.726289944825126
467 19.726289944825126
468 20.726289944825126
469 21.726289944825126
470 22.726289944825126
471 23.726289944825126
472 24.726289944825126
473 25.726289944825126
474 26.726289944825126
475 27.726289944825126
476 28.726289944825126
477 29.726289944825126
478 30.726289944825126
479 31.726289944825126
480 32.726289944825126
481 33.726289944825126
482 34.726289944825126
483 35.726289944825126
484 36.726289944825126
485 37.726289944825126
486 37.739543302118705
487 37.75279200510372
488 37.766036058680804
489 37.77927546774198
490 37.79251023717071
491 37.8057403718419
492 37.81896587662192
493 3.781896587662192
494 4.781896587662192
495 5.781896587662192
496 6.781896587662192
497 7.781896587662192
498 8.781896587662192
499 9.781896587662192
500 10.781896587662192
501 11.781896587662192
502 12.781896587662192
503 13.781896587662192
504 14.781896587662192
505 15.781896587662192
506 16.781896587662192
507 17.781896587662192
508 18.781896587662192
509 19.781896587662192
510 20.781896587662192
511 21.781896587662192
512 22.781896587662192
513 23.781896587662192
514 24.781896587662192
515 25.781896587662192
516 26.781896587662192
517 27.781896587662192
518 28.781896587662192
519 29.781896587662192
520 30.781896587662192
521 31.781896587662192
522 32.78189658766219
523 33.78189658766219
524 34.78189658766219
525 35.78189658766219
526 36.78189658766219
527 37.78189658766219
528 38.78189658766219
529 39.78189658766219
530 40.78189658766219
531 41.78189658766219
532 42.78189658766219
533 43.78189658766219
534 44.78189658766219
535 45.78189658766219
536 46.78189658766219
537 47.78189658766219
538 48.78189658766219
539 49.78189658766219
540 50.78189658766219
541 50.7917426161408
542 50.80158673595726
543 50.81142894822119
544 50.821269254041155
545 50.83110765452464
546 50.840944150778036
547 50.8507787439067
548 50.860611435014896
549 50.87044222520583
550 50.88027111558163
551 50.89009810724337
552 50.89992320129106
553 50.90974639882365
554 51.90974639882365
555 52.90974639882365
556 53.90974639882365
557 54.90974639882365
558 55.90974639882365
559 56.90974639882365
560 57.90974639882365
561 58.90974639882365
562 59.90974639882365
563 60.90974639882365
564 61.90974639882365
565 62.90974639882365
566 63.90974639882365
567 64.90974639882364
568 65.90974639882364
569 66.90974639882364
570 67.90974639882364
571 68.90974639882364
572 69.90974639882364
573 69.91689847740719
574 69.92404982437607
575 69.93120043995476
576 69.93835032436765
577 69.94549947783896
578 69.95264790059286
579 69.95979559285335
580 69.96694255484435
581 69.97408878678965
582 69.98123428891292
583 69.98837906143773
584 69.99552310458753
585 70.00266641858568
586 70.00980900365536
587 70.01695086001972
588 70.02409198790173
589 70.03123238752428
590 70.03837205911015
591 70.04551100288197
592 70.05264921906229
593 70.05978670787354
594 70.06692346953804
595 70.07405950427798
596 70.08119481231547
597 70.08832939387247
598 70.09546324917083
599 70.10259637843232
600 70.10972878187856
601 70.11686045973109
602 70.1239914122113
603 70.1311216395405
604 70.13825114193988
605 71.13825114193988
606 72.13825114193988
607 73.13825114193988
608 74.13825114193988
609 75.13825114193988
610 76.13825114193988
611 77.13825114193988
612 78.13825114193988
613 79.13825114193988
614 80.13825114193988
615 81.13825114193988
616 82.13825114193988
617 83.13825114193988
618 84.13825114193988
619 85.13825114193988
620 86.13825114193988
621 8.613825114193988
622 9.613825114193988
623 10.613825114193988
624 11.613825114193988
625 12.613825114193988
626 13.613825114193988
627 14.613825114193988
628 15.613825114193988
629 16.613825114193986
630 17.613825114193986
631 18.613825114193986
632 19.613825114193986
633 20.613825114193986
634 21.613825114193986
635 22.613825114193986
636 23.613825114193986
637 24.613825114193986
638 25.613825114193986
639 26.613825114193986
640 27.613825114193986
641 28.613825114193986
642 29.613825114193986
643 30.613825114193986
644 31.613825114193986
645 32.613825114193986
646 33.613825114193986
647 34.613825114193986
648 35.613825114193986
649 36.613825114193986
650 37.613825114193986
651 38.613825114193986
652 39.613825114193986
653 40.613825114193986
654 41.613825114193986
655 42.613825114193986
656 43.613825114193986
657 44.613825114193986
658 45.613825114193986
659 46.613825114193986
660 47.613825114193986
661 48.613825114193986
662 49.613825114193986
663 50.613825114193986
664 51.613825114193986
665 52.613825114193986
666 53.613825114193986
667 54.613825114193986
668 55.613825114193986
669 56.613825114193986
670 57.613825114193986
671 58.613825114193986
672 59.613825114193986
673 60.613825114193986
674 61.613825114193986
675 62.613825114193986
676 63.613825114193986
677 64.61382511419399
678 65.61382511419399
679 66.61382511419399
680 67.61382511419399
681 68.61382511419399
682 69.61382511419399
683 70.61382511419399
684 71.61382511419399
685 72.61382511419399
686 73.61382511419399
687 74.61382511419399
688 75.61382511419399
689 76.61382511419399
690 77.61382511419399
691 78.61382511419399
692 79.61382511419399
693 80.61382511419399
694 81.61382511419399
695 82.61382511419399
696 83.61382511419399
697 84.61382511419399
698 85.61382511419399
699 86.61382511419399
700 87.61382511419399
701 88.61382511419399
702 89.61382511419399
703 90.61382511419399
704 91.61382511419399
705 92.61382511419399
706 93.61382511419399
707 94.61382511419399
708 95.61382511419399
709 96.61382511419399
710 97.61382511419399
711 98.61382511419399
712 99.61382511419399
713 100.61382511419399
714 101.61382511419399
715 102.61382511419399
716 103.61382511419399
717 104.61382511419399
718 105.61382511419399
719 106.61382511419399
720 107.61382511419399
721 108.61382511419399
722 109.61382511419399
723 110.61382511419399
724 111.61382511419399
725 112.61382511419399
726 113.61382511419399
727 114.61382511419399
728 115.61382511419399
729 115.61814985649454
730 115.62247443702641
731 115.62679885580775
732 115.6311231128567
733 115.63544720819141
734 115.63977114183002
735 115.64409491379068
736 115.64841852409151
737 115.65274197275066
738 115.65706525978624
739 115.66138838521638
740 115.66571134905921
741 115.67003415133283
742 115.67435679205536
743 115.67867927124493
744 115.68300158891964
745 115.68732374509757
746 115.69164573979685
747 115.69596757303557
748 11.569596757303557
749 12.569596757303557
750 13.569596757303557
751 14.569596757303557
752 1.4569596757303558
753 2.4569596757303556
754 3.4569596757303556
755 4.456959675730356
756 5.456959675730356
757 6.456959675730356
758 7.456959675730356
759 8.456959675730356
760 9.456959675730356
761 10.456959675730356
762 11.456959675730356
763 12.456959675730356
764 13.456959675730356
765 14.456959675730356
766 15.456959675730356
767 16.456959675730356
768 17.456959675730356
769 18.456959675730356
770 19.456959675730356
771 20.456959675730356
772 21.456959675730356
773 22.456959675730356
774 23.456959675730356
775 23.478275311128634
776 23.49957159432551
777 23.52084857795021
778 23.542106314393816
779 23.563344855810744
780 23.584564254120263
781 23.605764561007962
782 23.626945827927226
783 24.626945827927226
784 25.626945827927226
785 26.626945827927226
786 27.626945827927226
787 28.626945827927226
788 29.626945827927226
789 30.626945827927226
790 31.626945827927226
791 31.64275513188975
792 31.65855653723249
793 31.67435005578448
794 31.69013569934526
795 3.169013569934526
796 4.169013569934526
797 5.169013569934526
798 6.169013569934526
799 7.169013569934526
800 8.169013569934526
801 9.169013569934526
802 10.169013569934526
803 11.169013569934526
804 12.169013569934526
805 13.169013569934526
806 14.169013569934526
807 15.169013569934526
808 16.169013569934528
809 17.169013569934528
810 18.169013569934528
811 19.169013569934528
812 20.169013569934528
813 21.169013569934528
814 22.169013569934528
815 23.169013569934528
816 24.169013569934528
817 25.169013569934528
818 26.169013569934528
819 27.169013569934528
820 28.169013569934528
821 29.169013569934528
822 30.169013569934528
823 31.169013569934528
824 32.16901356993453
825 33.16901356993453
826 34.16901356993453
827 35.16901356993453
828 36.16901356993453
829 37.16901356993453
830 38.16901356993453
831 39.16901356993453
832 40.16901356993453
833 41.16901356993453
834 42.16901356993453
835 43.16901356993453
836 44.16901356993453
837 45.16901356993453
838 46.16901356993453
839 47.16901356993453
840 47.17961374920812
841 47.19021154686407
842 47.20080696450706
843 47.21140000373997
844 47.22199066616388
845 47.23257895337809
846 47.24316486698009
847 47.25374840856558
848 47.26432957972848
849 47.274908382060936
850 47.285484817153296
851 47.29605888659413
852 47.30663059197024
853 47.31719993486664
854 47.3277669168666
855 47.3383315395516
856 48.3383315395516
857 49.3383315395516
858 50.3383315395516
859 51.3383315395516
860 52.3383315395516
861 53.3383315395516
862 54.3383315395516
863 55.3383315395516
864 56.3383315395516
865 57.3383315395516
866 58.3383315395516
867 59.3383315395516
868 60.3383315395516
869 61.3383315395516
870 62.3383315395516
871 63.3383315395516
872 63.346225653397774
873 6.334622565339778
874 7.334622565339778
875 8.334622565339778
876 9.334622565339778
877 10.334622565339778
878 11.334622565339778
879 12.334622565339778
880 13.334622565339778
881 14.334622565339778
882 15.334622565339778
883 16.334622565339778
884 17.334622565339778
885 18.334622565339778
886 19.334622565339778
887 20.334622565339778
888 21.334622565339778
889 22.334622565339778
890 23.334622565339778
891 24.334622565339778
892 25.334622565339778
893 26.334622565339778
894 27.334622565339778
895 28.334622565339778
896 29.334622565339778
897 30.334622565339778
898 31.334622565339778
899 32.33462256533978
900 33.33462256533978
901 34.33462256533978
902 35.33462256533978
903 36.33462256533978
904 37.33462256533978
905 38.33462256533978
906 39.33462256533978
907 40.33462256533978
908 41.33462256533978
909 42.33462256533978
910 43.33462256533978
911 44.33462256533978
912 45.33462256533978
913 46.33462256533978
914 47.33462256533978
915 48.33462256533978
916 49.33462256533978
917 50.33462256533978
918 51.33462256533978
919 52.33462256533978
920 53.33462256533978
921 54.33462256533978
922 55.33462256533978
923 56.33462256533978
924 5.633462256533978
925 6.633462256533978
926 7.633462256533978
927 8.633462256533978
928 9.633462256533978
929 10.633462256533978
930 11.633462256533978
931 12.633462256533978
932 13.633462256533978
933 14.633462256533978
934 15.633462256533978
935 16.633462256533978
936 17.633462256533978
937 18.633462256533978
938 19.633462256533978
939 20.633462256533978
940 21.633462256533978
941 22.633462256533978
942 23.633462256533978
943 24.633462256533978
944 25.633462256533978
945 26.633462256533978
946 27.633462256533978
947 28.633462256533978
948 29.633462256533978
949 30.633462256533978
950 31.633462256533978
951 32.633462256533974
952 33.633462256533974
953 34.633462256533974
954 35.633462256533974
955 36.633462256533974
956 37.633462256533974
957 38.633462256533974
958 39.633462256533974
959 40.633462256533974
960 41.633462256533974
961 42.633462256533974
962 43.633462256533974
963 44.633462256533974
964 45.633462256533974
965 46.633462256533974
966 47.633462256533974
967 48.633462256533974
968 49.633462256533974
969 50.633462256533974
970 51.633462256533974
971 52.633462256533974
972 53.633462256533974
973 54.633462256533974
974 55.633462256533974
975 56.633462256533974
976 57.633462256533974
977 58.633462256533974
978 59.633462256533974
979 60.633462256533974
980 61.633462256533974
981 62.633462256533974
982 63.633462256533974
983 64.63346225653397
984 65.63346225653397
985 66.63346225653397
986 67.63346225653397
987 68.63346225653397
988 69.63346225653397
989 70.63346225653397
990 71.63346225653397
991 72.63346225653397
992 73.63346225653397
993 74.63346225653397
994 75.63346225653397
995 76.63346225653397
996 76.63998682146001
997 76.64651083093257
998 76.65303428509348
999 76.65955718408455
1000 76.66607952804748
1001 76.67260131712392
1002 76.67912255145549
1003 76.68564323118373
1004 76.69216335645011
1005 76.69868292739605
1006 76.70520194416291
1007 76.711720406892
1008 76.71823831572455
1009 76.72475567080174
1010 76.73127247226469
1011 76.73778872025446
1012 76.74430441491205
1013 76.7508195563784
1014 76.7573341447944
