1 2.5
2 4.0
3 5.5
4 7.0
5 8.5
6 10.0
7 11.5
8 13.0
9 14.5
10 16.0
11 17.5
12 19.0
13 20.5
14 22.0
15 23.5
16 25.0
17 26.5
18 28.0
19 29.5
20 31.0
21 32.5
22 34.0
23 35.5
24 37.0
25 38.5
26 40.0
27 41.5
28 43.0
29 44.5
30 46.0
31 47.5
32 49.0
33 50.5
34 52.0
35 53.5
36 55.0
37 56.5
38 58.0
39 59.5
40 61.0
41 62.5
42 64.0
43 65.5
44 67.0
45 68.5
46 70.0
47 71.5
48 73.0
49 74.5
50 76.0
51 77.5
52 79.0
53 80.5
54 82.0
55 83.5
56 85.0
57 86.5
58 88.0
59 89.5
60 91.0
61 92.5
62 94.0
63 95.5
64 97.0
65 98.5
66 100.0
67 101.5
68 103.0
69 104.5
70 106.0
71 107.5
72 109.0
73 110.5
74 112.0
75 113.5
76 115.0
77 116.5
78 118.0
79 119.5
80 121.0
81 122.5
82 124.0
83 125.5
84 127.0
85 128.5
86 130.0
87 131.5
88 133.0
89 134.5
90 136.0
91 137.5
92 139.0
93 140.5
94 142.0
95 143.5
96 145.0
97 146.5
98 148.0
99 149.5
100 151.0
101 152.5
102 154.0
103 155.5
104 157.0
105 158.5
106 47.55
107 49.05
108 50.55
109 52.05
110 53.55
111 55.05
112 56.55
113 58.05
114 59.55
115 61.05
116 62.55
117 64.05
118 65.55
119 67.05
120 68.55
121 70.05
122 71.55
123 73.05
124 74.55
125 76.05
126 77.55
127 79.05
128 80.55
129 82.05
130 83.55
131 85.05
132 86.55
133 88.05
134 89.55
135 91.05
136 92.55
137 94.05
138 95.55
139 97.05
140 98.55
141 100.05
142 101.55
143 103.05
144 104.55
145 106.05
146 107.55
147 109.05
148 110.55
149 112.05
150 113.55
151 115.05
152 116.55
153 118.05
154 119.55
155 121.05
156 122.55
157 124.05
158 125.55
159 127.05
160 128.55
161 130.05
162 131.55
163 133.05
164 134.55
165 136.05
166 137.55
167 139.05
168 140.55
169 142.05
170 143.55
171 145.05
172 146.55
173 148.05
174 149.55
175 151.05
176 152.55
177 154.05
178 155.55
179 157.05
180 158.55
181 160.05
182 161.55
183 163.05
184 164.55
185 166.05
186 167.55
187 169.05
188 170.55
189 172.05
190 173.55
191 175.05
192 176.55
193 178.05
194 179.55
195 181.05
196 182.55
197 184.05
198 185.55
199 187.05
200 188.55
201 190.05
202 191.55
203 193.05
204 194.55
205 196.05
206 197.55
207 199.05
208 200.55
209 202.05
210 203.55
211 205.05
212 206.55
213 208.05
214 209.55
215 211.05
216 212.55
217 214.05
218 215.55
219 217.05
220 218.55
221 220.05
222 221.55
223 223.05
224 224.55
225 226.05
226 227.55
227 229.05
228 230.55
229 232.05
230 233.55
231 235.05
232 236.55
233 238.05
234 239.55
235 239.55208724692133
236 239.5541744756562
237 239.5562616862051
238 239.5583488785685
239 239.5604360527469
240 239.56252320874077
241 239.56461034655058
242 239.5666974661768
243 239.5687845676199
244 239.57087165088035
245 239.57295871595863
246 239.57504576285524
247 239.57713279157065
248 239.5792198021053
249 239.58130679445972
250 239.58339376863432
251 239.58548072462963
252 239.5875676624461
253 239.5896545820842
254 239.5917414835444
255 239.5938283668272
256 239.59591523193308
257 239.5980020788625
258 239.6000889076159
259 239.60217571819382
260 239.6042625105967
261 239.606349284825
262 239.6084360408792
263 239.61052277875982
264 239.6126094984673
265 239.6146962000021
266 239.61678288336472
267 239.61886954855564
268 239.6209561955753
269 239.6230428244242
270 239.62512943510282
271 239.6272160276116
272 239.62930260195108
273 239.6313891581217
274 239.6334756961239
275 241.1334756961239
276 242.6334756961239
277 244.1334756961239
278 245.6334756961239
279 247.1334756961239
280 248.6334756961239
281 250.1334756961239
282 251.6334756961239
283 253.1334756961239
284 254.6334756961239
285 256.1334756961239
286 257.6334756961239
287 259.1334756961239
288 260.6334756961239
289 262.1334756961239
290 263.6334756961239
291 265.1334756961239
292 266.6334756961239
293 268.1334756961239
294 269.6334756961239
295 271.1334756961239
296 272.6334756961239
297 274.1334756961239
298 275.6334756961239
299 277.1334756961239
300 278.6334756961239
301 280.1334756961239
302 281.6334756961239
303 283.1334756961239
304 284.6334756961239
305 286.1334756961239
306 287.6334756961239
307 289.1334756961239
308 290.6334756961239
309 292.1334756961239
310 293.6334756961239
311 295.1334756961239
312 296.6334756961239
313 298.1334756961239
314 299.6334756961239
315 301.1334756961239
316 302.6334756961239
317 304.1334756961239
318 305.6334756961239
319 307.1334756961239
320 308.6334756961239
321 310.1334756961239
322 311.6334756961239
323 313.1334756961239
324 314.6334756961239
325 316.1334756961239
326 317.6334756961239
327 319.1334756961239
328 320.6334756961239
329 322.1334756961239
330 323.6334756961239
331 325.1334756961239
332 326.6334756961239
333 328.1334756961239
334 329.6334756961239
335 331.1334756961239
336 332.6334756961239
337 334.1334756961239
338 335.6334756961239
339 337.1334756961239
340 338.6334756961239
341 340.1334756961239
342 341.6334756961239
343 343.1334756961239
344 344.6334756961239
345 346.1334756961239
346 347.6334756961239
347 349.1334756961239
348 350.6334756961239
349 352.1334756961239
350 353.6334756961239
351 355.1334756961239
352 356.6334756961239
353 358.1334756961239
354 359.6334756961239
355 359.6348660005138
356 359.6362562995289
357 359.63764659316934
358 359.6390368814351
359 359.64042716432635
360 359.6418174418431
361 359.6432077139854
362 359.64459798075336
363 359.645988242147
364 359.64737849816635
365 359.64876874881156
366 359.65015899408263
367 359.65154923397967
368 359.65293946850267
369 359.65432969765175
370 359.65571992142696
371 359.6571101398284
372 359.65850035285604
373 359.65989056051
374 359.66128076279034
375 359.6626709596971
376 359.6640611512304
377 359.6654513373902
378 359.6668415181767
379 359.6682316935898
380 359.6696218636297
381 359.6710120282964
382 359.67240218758997
383 359.6737923415105
384 359.675182490058
385 359.6765726332325
386 359.67796277103423
387 359.6793529034631
388 359.68074303051924
389 359.68213315220265
390 359.68352326851345
391 359.6849133794517
392 359.68630348501745
393 359.68769358521075
394 359.6890836800317
395 359.69047376948026
396 359.6918638535566
397 359.69325393226075
398 359.69464400559275
399 359.6960340735527
400 359.6974241361407
401 359.69881419335667
402 359.7002042452008
403 359.7015942916731
404 359.7029843327736
405 359.70437436850244
406 359.7057643988597
407 359.70715442384534
408 359.7085444434595
409 359.7099344577022
410 359.71132446657356
411 359.71271447007354
412 359.71410446820227
413 359.7154944609598
414 359.7168844483462
415 359.71827443036153
416 359.7196644070059
417 359.7210543782793
418 359.7224443441818
419 359.7238343047135
420 359.7252242598744
421 359.7266142096646
422 359.7280041540842
423 359.72939409313324
424 359.73078402681176
425 359.73217395511983
426 359.7335638780575
427 359.73495379562485
428 359.73634370782196
429 359.73773361464885
430 359.7391235161056
431 359.7405134121923
432 359.74190330290895
433 359.7432931882557
434 359.7446830682325
435 359.74607294283953
436 359.7474628120768
437 359.7488526759443
438 359.7502425344422
439 359.7516323875705
440 359.7530222353293
441 359.75441207771865
442 359.75580191473864
443 359.75719174638925
444 359.7585815726706
445 359.75997139358276
446 359.76136120912577
447 359.7627510192997
448 359.76414082410463
449 359.7655306235406
450 359.76692041760765
451 359.7683102063059
452 359.7696999896354
453 359.77108976759615
454 359.7724795401883
455 359.7738693074118
456 359.77525906926684
457 359.7766488257534
458 359.77803857687155
459 359.7794283226214
460 359.780818063003
461 359.7822077980164
462 359.7835975276616
463 359.78498725193873
464 359.78637697084787
465 359.787766684389
466 359.78915639256223
467 359.79054609536763
468 359.7919357928053
469 359.79332548487525
470 359.79471517157754
471 359.79610485291226
472 359.79749452887944
473 359.7988841994792
474 359.80027386471147
475 359.80166352457644
476 359.80305317907414
477 359.8044428282046
478 359.80583247196796
479 359.8072221103642
480 359.80861174339344
481 359.8100013710557
482 359.8113909933511
483 359.8127806102796
484 359.8141702218414
485 359.8155598280364
486 359.81694942886475
487 359.8183390243265
488 359.81972861442176
489 359.82111819915053
490 359.82250777851294
491 359.823897352509
492 359.82528692113874
493 359.8266764844023
494 359.82806604229967
495 359.82945559483096
496 359.83084514199624
497 359.83223468379555
498 359.83362422022896
499 359.8350137512965
500 359.8364032769983
501 359.8377927973343
502 359.8391823123047
503 359.84057182190946
504 359.8419613261487
505 359.84335082502247
506 359.84474031853085
507 359.84612980667384
508 359.84751928945155
509 359.84890876686404
510 359.85029823891136
511 359.85168770559363
512 359.85307716691085
513 359.8544666228631
514 359.8558560734504
515 361.3558560734504
516 362.8558560734504
517 364.3558560734504
518 365.8558560734504
519 367.3558560734504
520 368.8558560734504
521 370.3558560734504
522 371.8558560734504
523 373.3558560734504
524 374.8558560734504
525 376.3558560734504
526 377.8558560734504
527 379.3558560734504
528 380.8558560734504
529 382.3558560734504
530 383.8558560734504
531 385.3558560734504
532 386.8558560734504
533 388.3558560734504
534 389.8558560734504
535 391.3558560734504
536 392.8558560734504
537 394.3558560734504
538 395.8558560734504
539 397.3558560734504
540 398.8558560734504
541 400.3558560734504
542 401.8558560734504
543 403.3558560734504
544 404.8558560734504
545 406.3558560734504
546 407.8558560734504
547 409.3558560734504
548 410.8558560734504
549 412.3558560734504
550 413.8558560734504
551 415.3558560734504
552 416.8558560734504
553 418.3558560734504
554 419.8558560734504
555 421.3558560734504
556 422.8558560734504
557 424.3558560734504
558 425.8558560734504
559 427.3558560734504
560 428.8558560734504
561 430.3558560734504
562 431.8558560734504
563 433.3558560734504
564 434.8558560734504
565 436.3558560734504
566 437.8558560734504
567 439.3558560734504
568 440.8558560734504
569 442.3558560734504
570 443.8558560734504
571 445.3558560734504
572 446.8558560734504
573 448.3558560734504
574 449.8558560734504
575 451.3558560734504
576 452.8558560734504
577 454.3558560734504
578 455.8558560734504
579 457.3558560734504
580 458.8558560734504
581 460.3558560734504
582 461.8558560734504
583 463.3558560734504
584 464.8558560734504
585 466.3558560734504
586 467.8558560734504
587 469.3558560734504
588 470.8558560734504
589 472.3558560734504
590 473.8558560734504
591 475.3558560734504
592 476.8558560734504
593 478.3558560734504
594 479.8558560734504
595 479.8568980530234
596 479.85794003033374
597 479.85898200538156
598 479.8600239781668
599 479.8610659486895
600 479.86210791694964
601 479.86314988294725
602 479.8641918466824
603 479.86523380815504
604 479.8662757673652
605 479.8673177243129
606 479.86835967899816
607 479.869401631421
608 479.8704435815814
609 479.8714855294794
610 479.872527475115
611 479.8735694184883
612 479.87461135959916
613 479.8756532984477
614 479.8766952350339
615 479.8777371693578
616 479.87877910141935
617 479.8798210312187
618 479.8808629587557
619 479.88190488403046
620 479.882946807043
621 479.88398872779334
622 479.88503064628145
623 479.88607256250737
624 479.8871144764711
625 479.88815638817266
626 479.88919829761204
627 479.89024020478934
628 479.8912821097045
629 479.8923240123575
630 479.89336591274844
631 479.8944078108773
632 479.8954497067441
633 479.89649160034884
634 479.89753349169155
635 479.89857538077223
636 479.89961726759094
637 479.9006591521476
638 479.90170103444234
639 479.9027429144751
640 479.9037847922459
641 479.90482666775483
642 479.90586854100184
643 479.9069104119869
644 479.9079522807101
645 479.9089941471714
646 479.9100360113709
647 479.9110778733085
648 479.9121197329843
649 479.91316159039826
650 479.9142034455504
651 479.9152452984408
652 479.91628714906943
653 479.9173289974363
654 479.9183708435414
655 479.9194126873848
656 479.9204545289665
657 479.9214963682865
658 479.92253820534484
659 479.9235800401415
660 479.9246218726765
661 479.92566370294986
662 479.9267055309616
663 479.92774735671173
664 479.9287891802003
665 479.92983100142726
666 479.93087282039266
667 479.9319146370965
668 479.9329564515388
669 479.9339982637196
670 479.9350400736389
671 479.93608188129673
672 479.93712368669304
673 479.9381654898279
674 479.93920729070135
675 479.94024908931334
676 479.94129088566393
677 479.9423326797531
678 479.9433744715809
679 479.94441626114735
680 479.9454580484524
681 479.94649983349615
682 479.94754161627856
683 479.9485833967996
684 479.9496251750594
685 479.9506669510579
686 479.95170872479514
687 479.9527504962711
688 479.95379226548584
689 479.95483403243935
690 479.9558757971317
691 479.9569175595628
692 479.9579593197327
693 479.95900107764146
694 479.9600428332891
695 479.96108458667555
696 479.9621263378009
697 479.9631680866652
698 479.96420983326834
699 479.96525157761045
700 479.9662933196915
701 479.96733505951147
702 479.9683767970704
703 479.9694185323683
704 479.9704602654052
705 479.9715019961812
706 479.97254372469615
707 479.97358545095017
708 479.97462717494324
709 479.97566889667536
710 479.9767106161466
711 479.97775233335693
712 479.9787940483064
713 479.97983576099494
714 479.9808774714227
715 479.9819191795895
716 479.9829608854956
717 479.9840025891408
718 479.98504429052525
719 479.98608598964887
720 479.98712768651177
721 479.9881693811139
722 479.9892110734553
723 479.990252763536
724 479.99129445135594
725 479.9923361369152
726 479.99337782021377
727 479.9944195012517
728 479.99546118002894
729 479.9965028565456
730 479.9975445308016
731 479.99858620279696
732 479.9996278725318
733 480.000669540006
734 480.0017112052197
735 480.0027528681728
736 480.0037945288654
737 480.0048361872975
738 480.0058778434691
739 480.0069194973802
740 480.0079611490308
741 480.00900279842097
742 480.01004444555065
743 480.01108609041995
744 480.0121277330288
745 480.0131693733773
746 480.01421101146536
747 480.0152526472931
748 480.01629428086045
749 480.0173359121675
750 480.0183775412142
751 480.0194191680006
752 480.02046079252665
753 480.02150241479245
754 480.022544034798
755 480.02358565254326
756 480.0246272680283
757 480.0256688812531
758 480.0267104922177
759 480.02775210092216
760 480.0287937073664
761 480.02983531155047
762 480.0308769134744
763 480.0319185131382
764 480.03296011054186
765 480.0340017056854
766 480.0350432985689
767 480.0360848891923
768 480.0371264775556
769 480.0381680636589
770 480.0392096475021
771 480.04025122908536
772 480.04129280840857
773 480.0423343854718
774 480.04337596027506
775 480.0444175328184
776 480.04545910310173
777 480.04650067112516
778 480.04754223688866
779 480.0485838003923
780 480.04962536163606
781 480.05066692061996
782 480.051708477344
783 480.05275003180816
784 480.0537915840125
785 480.05483313395706
786 480.0558746816418
787 480.0569162270668
788 480.05795777023195
789 480.05899931113737
790 480.0600408497831
791 480.06108238616906
792 480.06212392029533
793 480.0631654521619
794 480.0642069817688
795 480.06524850911603
796 480.06629003420363
797 480.0673315570316
798 480.0683730775999
799 480.06941459590865
800 480.0704561119578
801 480.0714976257474
802 480.0725391372774
803 480.07358064654784
804 480.0746221535588
805 480.0756636583102
806 480.0767051608021
807 480.0777466610345
808 480.07878815900744
809 480.0798296547209
810 480.08087114817494
811 480.08191263936953
812 480.0829541283047
813 480.0839956149805
814 480.0850370993969
815 480.086078581554
816 480.0871200614517
817 480.08816153909004
818 480.08920301446904
819 480.09024448758873
820 480.09128595844913
821 480.09232742705024
822 480.0933688933921
823 480.0944103574747
824 480.0954518192981
825 480.0964932788622
826 480.0975347361672
827 480.09857619121294
828 480.0996176439995
829 480.1006590945269
830 480.1017005427952
831 480.1027419888043
832 480.10378343255434
833 480.1048248740452
834 480.10586631327703
835 480.1069077502498
836 480.10794918496345
837 480.10899061741804
838 480.11003204761363
839 480.1110734755502
840 480.11211490122776
841 480.11315632464635
842 480.11419774580594
843 480.11523916470657
844 480.1162805813483
845 480.11732199573106
846 480.11836340785493
847 480.1194048177199
848 480.12044622532596
849 480.1214876306732
850 480.1225290337615
851 480.123570434591
852 480.1246118331617
853 480.1256532294735
854 480.1266946235266
855 480.12773601532086
856 480.1287774048564
857 480.12981879213316
858 480.1308601771512
859 480.1319015599105
860 480.1329429404111
861 480.133984318653
862 480.1350256946362
863 480.1360670683608
864 480.1371084398267
865 480.13814980903396
866 480.1391911759826
867 480.1402325406726
868 480.1412739031041
869 480.142315263277
870 480.14335662119134
871 480.14439797684713
872 480.14543933024436
873 480.1464806813831
874 480.1475220302633
875 481.6475220302633
876 483.1475220302633
877 484.6475220302633
878 486.1475220302633
879 487.6475220302633
880 489.1475220302633
881 490.6475220302633
882 492.1475220302633
883 493.6475220302633
884 495.1475220302633
885 496.6475220302633
886 498.1475220302633
887 499.6475220302633
888 501.1475220302633
889 502.6475220302633
890 504.1475220302633
891 505.6475220302633
892 507.1475220302633
893 508.6475220302633
894 510.1475220302633
895 511.6475220302633
896 513.1475220302633
897 514.6475220302633
898 516.1475220302633
899 517.6475220302633
900 519.1475220302633
901 520.6475220302633
902 522.1475220302633
903 523.6475220302633
904 525.1475220302633
905 526.6475220302633
906 528.1475220302633
907 529.6475220302633
908 531.1475220302633
909 532.6475220302633
910 534.1475220302633
911 535.6475220302633
912 537.1475220302633
913 538.6475220302633
914 540.1475220302633
915 541.6475220302633
916 543.1475220302633
917 544.6475220302633
918 546.1475220302633
919 547.6475220302633
920 549.1475220302633
921 550.6475220302633
922 552.1475220302633
923 553.6475220302633
924 555.1475220302633
925 556.6475220302633
926 558.1475220302633
927 559.6475220302633
928 561.1475220302633
929 562.6475220302633
930 564.1475220302633
931 565.6475220302633
932 567.1475220302633
933 568.6475220302633
934 570.1475220302633
935 571.6475220302633
936 573.1475220302633
937 574.6475220302633
938 576.1475220302633
939 577.6475220302633
940 579.1475220302633
941 580.6475220302633
942 582.1475220302633
943 583.6475220302633
944 585.1475220302633
945 586.6475220302633
946 588.1475220302633
947 589.6475220302633
948 591.1475220302633
949 592.6475220302633
950 594.1475220302633
951 595.6475220302633
952 597.1475220302633
953 598.6475220302633
954 600.1475220302633
955 600.1483551587553
956 600.1491882860907
957 600.1500214122697
958 600.150854537292
959 600.1516876611579
960 600.1525207838672
961 600.15335390542
962 600.1541870258162
963 600.1550201450559
964 600.1558532631391
965 600.1566863800657
966 600.1575194958359
967 600.1583526104496
968 600.1591857239067
969 600.1600188362074
970 600.1608519473516
971 600.1616850573394
972 600.1625181661706
973 600.1633512738454
974 600.1641843803637
975 600.1650174857256
976 600.165850589931
977 600.16668369298
978 600.1675167948724
979 600.1683498956085
980 600.1691829951881
981 600.1700160936113
982 600.170849190878
983 600.1716822869884
984 600.1725153819423
985 600.1733484757398
986 600.1741815683808
987 600.1750146598655
988 600.1758477501938
989 600.1766808393658
990 600.1775139273813
991 600.1783470142404
992 600.1791800999432
993 600.1800131844896
994 600.1808462678796
995 600.1816793501132
996 600.1825124311905
997 600.1833455111114
998 600.184178589876
999 600.1850116674842
1000 600.1858447439361
1001 600.1866778192316
1002 600.1875108933708
1003 600.1883439663537
1004 600.1891770381803
1005 600.1900101088506
1006 600.1908431783646
1007 600.1916762467223
1008 600.1925093139237
1009 600.1933423799687
1010 600.1941754448575
1011 600.1950085085899
1012 600.195841571166
1013 600.196674632586
1014 600.1975076928496
1015 600.198340751957
1016 600.1991738099081
1017 600.2000068667029
1018 600.2008399223415
1019 600.2016729768238
1020 600.20250603015
1021 600.2033390823198
1022 600.2041721333334
1023 600.2050051831908
1024 600.2058382318919
1025 600.2066712794368
1026 600.2075043258255
1027 600.2083373710581
1028 600.2091704151344
1029 600.2100034580545
1030 600.2108364998185
1031 600.2116695404262
1032 600.2125025798778
1033 600.2133356181731
1034 600.2141686553123
1035 600.2150016912952
1036 600.2158347261221
1037 600.2166677597928
1038 600.2175007923073
1039 600.2183338236657
1040 600.2191668538679
1041 600.219999882914
1042 600.2208329108039
1043 600.2216659375378
1044 600.2224989631154
1045 600.223331987537
1046 600.2241650108024
1047 600.2249980329117
1048 600.2258310538649
1049 600.226664073662
1050 600.227497092303
1051 600.2283301097879
1052 600.2291631261166
1053 600.2299961412893
1054 600.230829155306
1055 600.2316621681665
1056 600.232495179871
1057 600.2333281904195
1058 600.2341611998119
1059 600.2349942080482
1060 600.2358272151284
1061 600.2366602210526
1062 600.2374932258208
1063 600.2383262294329
1064 600.2391592318891
1065 600.2399922331891
1066 600.2408252333332
1067 600.2416582323212
1068 600.2424912301533
1069 600.2433242268293
1070 600.2441572223493
1071 600.2449902167133
1072 600.2458232099214
1073 600.2466562019733
1074 600.2474891928694
1075 600.2483221826094
1076 600.2491551711935
1077 600.2499881586216
1078 600.2508211448937
1079 600.2516541300099
1080 600.2524871139701
1081 600.2533200967744
1082 600.2541530784227
1083 600.2549860589152
1084 600.2558190382516
1085 600.2566520164321
1086 600.2574849934567
1087 600.2583179693254
1088 600.2591509440382
1089 600.259983917595
1090 600.260816889996
1091 600.261649861241
1092 600.2624828313302
1093 600.2633158002635
1094 600.2641487680409
1095 600.2649817346623
1096 600.265814700128
1097 600.2666476644378
1098 600.2674806275916
1099 600.2683135895895
1100 600.2691465504316
1101 600.2699795101179
1102 600.2708124686483
1103 600.2716454260228
1104 600.2724783822416
1105 600.2733113373046
1106 600.2741442912117
1107 600.2749772439629
1108 600.2758101955584
1109 600.276643145998
1110 600.2774760952818
1111 600.2783090434099
1112 600.2791419903821
1113 600.2799749361985
1114 600.2808078808591
1115 600.281640824364
1116 600.282473766713
1117 600.2833067079063
1118 600.2841396479438
1119 600.2849725868256
1120 600.2858055245515
1121 600.2866384611217
1122 600.2874713965361
1123 600.2883043307949
1124 600.2891372638978
1125 600.2899701958451
1126 600.2908031266365
1127 600.2916360562723
1128 600.2924689847523
1129 600.2933019120766
1130 600.2941348382452
1131 600.2949677632581
1132 600.2958006871153
1133 600.2966336098168
1134 600.2974665313626
1135 600.2982994517527
1136 600.2991323709871
1137 600.2999652890658
1138 600.3007982059888
1139 600.3016311217563
1140 600.302464036368
1141 600.303296949824
1142 600.3041298621245
1143 600.3049627732692
1144 600.3057956832582
1145 600.3066285920917
1146 600.3074614997695
1147 600.3082944062917
1148 600.3091273116582
1149 600.3099602158692
1150 600.3107931189245
1151 600.3116260208242
1152 600.3124589215682
1153 600.3132918211567
1154 600.3141247195896
1155 600.3149576168669
1156 600.3157905129885
1157 600.3166234079547
1158 600.3174563017652
1159 600.3182891944202
1160 600.3191220859196
1161 600.3199549762635
1162 600.3207878654517
1163 600.3216207534845
1164 600.3224536403616
1165 600.3232865260832
1166 600.3241194106492
1167 600.3249522940598
1168 600.3257851763149
1169 600.3266180574143
1170 600.3274509373582
1171 600.3282838161466
1172 600.3291166937795
1173 600.3299495702569
1174 600.3307824455787
1175 600.3316153197452
1176 600.3324481927561
1177 600.3332810646116
1178 600.3341139353115
1179 600.3349468048559
1180 600.3357796732449
1181 600.3366125404784
1182 600.3374454065565
1183 600.3382782714791
1184 600.3391111352463
1185 600.339943997858
1186 600.3407768593142
1187 600.341609719615
1188 600.3424425787604
1189 600.3432754367503
1190 600.3441082935849
1191 600.344941149264
1192 600.3457740037876
1193 600.3466068571558
1194 600.3474397093687
1195 600.3482725604262
1196 600.3491054103282
1197 600.3499382590749
1198 600.3507711066661
1199 600.351603953102
1200 600.3524367983824
1201 600.3532696425076
1202 600.3541024854774
1203 600.3549353272917
1204 600.3557681679508
1205 600.3566010074545
1206 600.3574338458028
1207 600.3582666829958
1208 600.3590995190334
1209 600.3599323539157
1210 600.3607651876428
1211 600.3615980202144
1212 600.3624308516307
1213 600.3632636818918
1214 600.3640965109976
1215 600.364929338948
1216 600.365762165743
1217 600.3665949913828
1218 600.3674278158674
1219 600.3682606391966
1220 600.3690934613705
1221 600.3699262823892
1222 600.3707591022526
1223 600.3715919209607
1224 600.3724247385136
1225 600.3732575549112
1226 600.3740903701536
1227 600.3749231842406
1228 600.3757559971725
1229 600.3765888089491
1230 600.3774216195706
1231 600.3782544290367
1232 600.3790872373477
1233 600.3799200445034
1234 600.3807528505039
1235 600.3815856553492
1236 600.3824184590393
1237 600.3832512615742
1238 600.3840840629539
1239 600.3849168631784
1240 600.3857496622478
1241 600.386582460162
1242 600.3874152569209
1243 600.3882480525247
1244 600.3890808469733
1245 600.3899136402669
1246 600.3907464324052
1247 600.3915792233884
1248 600.3924120132164
1249 600.3932448018892
1250 600.394077589407
1251 600.3949103757695
1252 600.395743160977
1253 600.3965759450293
1254 600.3974087279265
1255 600.3982415096687
1256 600.3990742902556
1257 600.3999070696875
1258 600.4007398479644
1259 600.401572625086
1260 600.4024054010526
1261 600.4032381758642
1262 600.4040709495207
1263 600.404903722022
1264 600.4057364933683
1265 600.4065692635595
1266 600.4074020325957
1267 600.4082348004767
1268 600.4090675672028
1269 600.4099003327738
1270 600.4107330971898
1271 600.4115658604508
1272 600.4123986225567
1273 600.4132313835075
1274 600.4140641433034
1275 600.4148969019443
1276 600.4157296594301
1277 600.416562415761
1278 600.4173951709367
1279 600.4182279249576
1280 600.4190606778234
1281 600.4198934295342
1282 600.4207261800901
1283 600.421558929491
1284 600.4223916777369
1285 600.4232244248278
1286 600.4240571707638
1287 600.4248899155448
1288 600.4257226591708
1289 600.4265554016418
1290 600.427388142958
1291 600.4282208831191
1292 600.4290536221254
1293 600.4298863599768
1294 600.4307190966732
1295 600.4315518322147
1296 600.4323845666013
1297 600.4332172998329
1298 600.4340500319097
1299 600.4348827628315
1300 600.4357154925985
1301 600.4365482212106
1302 600.4373809486679
1303 600.4382136749701
1304 600.4390464001176
1305 600.4398791241101
1306 600.4407118469478
1307 600.4415445686307
1308 600.4423772891586
1309 600.4432100085317
1310 600.4440427267499
1311 600.4448754438133
1312 600.4457081597219
1313 600.4465408744757
1314 600.4473735880746
1315 600.4482063005187
1316 600.4490390118079
1317 600.4498717219424
1318 600.450704430922
1319 600.4515371387467
1320 600.4523698454168
1321 600.453202550932
1322 600.4540352552924
1323 600.4548679584981
1324 600.4557006605489
1325 600.456533361445
1326 600.4573660611863
1327 600.4581987597729
1328 600.4590314572047
1329 600.4598641534817
1330 600.460696848604
1331 600.4615295425715
1332 600.4623622353843
1333 600.4631949270423
1334 600.4640276175456
1335 600.4648603068943
1336 600.4656929950881
1337 600.4665256821273
1338 600.4673583680118
1339 600.4681910527415
1340 600.4690237363166
1341 600.4698564187369
1342 600.4706891000025
1343 600.4715217801133
1344 600.4723544590696
1345 600.4731871368712
1346 600.474019813518
1347 600.4748524890102
1348 600.4756851633477
1349 600.4765178365307
1350 600.4773505085589
1351 600.4781831794324
1352 600.4790158491513
1353 600.4798485177156
1354 600.4806811851253
1355 600.4815138513802
