1 2.5
2 4.0
3 5.5
4 7.0
5 8.5
6 10.0
7 11.5
8 13.0
9 14.5
10 16.0
11 17.5
12 19.0
13 20.5
14 22.0
15 23.5
16 25.0
17 26.5
18 28.0
19 29.5
20 31.0
21 32.5
22 34.0
23 35.5
24 37.0
25 38.5
26 40.0
27 41.5
28 43.0
29 44.5
30 46.0
31 47.5
32 49.0
33 50.5
34 52.0
35 53.5
36 55.0
37 56.5
38 58.0
39 59.5
40 61.0
41 62.5
42 64.0
43 65.5
44 67.0
45 68.5
46 70.0
47 71.5
48 73.0
49 74.5
50 76.0
51 77.5
52 79.0
53 80.5
54 82.0
55 83.5
56 85.0
57 86.5
58 88.0
59 89.5
60 91.0
61 92.5
62 94.0
63 95.5
64 97.0
65 98.5
66 100.0
67 101.5
68 103.0
69 104.5
70 106.0
71 107.5
72 109.0
73 110.5
74 112.0
75 113.5
76 115.0
77 116.5
78 118.0
79 119.5
80 121.0
81 122.5
82 124.0
83 125.5
84 127.0
85 128.5
86 130.0
87 131.5
88 133.0
89 134.5
90 136.0
91 137.5
92 139.0
93 140.5
94 142.0
95 143.5
96 145.0
97 146.5
98 148.0
99 149.5
100 151.0
101 152.5
102 154.0
103 155.5
104 157.0
105 158.5
106 160.0
107 161.5
108 163.0
109 164.5
110 166.0
111 167.5
112 169.0
113 170.5
114 172.0
115 173.5
116 175.0
117 176.5
118 178.0
119 179.5
120 181.0
121 182.5
122 184.0
123 185.5
124 187.0
125 188.5
126 190.0
127 191.5
128 193.0
129 194.5
130 196.0
131 197.5
132 199.0
133 200.5
134 202.0
135 203.5
136 205.0
137 206.5
138 208.0
139 209.5
140 211.0
141 212.5
142 214.0
143 215.5
144 217.0
145 218.5
146 220.0
147 221.5
148 223.0
149 224.5
150 226.0
151 227.5
152 229.0
153 230.5
154 232.0
155 233.5
156 235.0
157 236.5
158 238.0
159 239.5
160 241.0
161 242.5
162 244.0
163 245.5
164 247.0
165 248.5
166 250.0
167 251.5
168 253.0
169 254.5
170 256.0
171 257.5
172 259.0
173 260.5
174 262.0
175 263.5
176 265.0
177 266.5
178 268.0
179 269.5
180 271.0
181 272.5
182 274.0
183 275.5
184 277.0
185 278.5
186 280.0
187 281.5
188 283.0
189 284.5
190 286.0
191 287.5
192 289.0
193 290.5
194 292.0
195 293.5
196 295.0
197 296.5
198 298.0
199 299.5
200 301.0
201 302.5
202 304.0
203 305.5
204 307.0
205 308.5
206 310.0
207 311.5
208 313.0
209 314.5
210 316.0
211 317.5
212 319.0
213 320.5
214 322.0
215 323.5
216 325.0
217 326.5
218 328.0
219 329.5
220 331.0
221 332.5
222 334.0
223 335.5
224 337.0
225 338.5
226 340.0
227 341.5
228 343.0
229 344.5
230 346.0
231 347.5
232 349.0
233 350.5
234 352.0
235 353.5
236 355.0
237 356.5
238 358.0
239 359.5
240 361.0
241 362.5
242 364.0
243 365.5
244 367.0
245 368.5
246 370.0
247 371.5
248 373.0
249 374.5
250 376.0
251 377.5
252 379.0
253 380.5
254 382.0
255 383.5
256 385.0
257 386.5
258 388.0
259 389.5
260 391.0
261 392.5
262 394.0
263 395.5
264 397.0
265 398.5
266 400.0
267 401.5
268 403.0
269 404.5
270 406.0
271 407.5
272 409.0
273 410.5
274 412.0
275 413.5
276 415.0
277 416.5
278 418.0
279 419.5
280 421.0
281 422.5
282 424.0
283 425.5
284 427.0
285 428.5
286 430.0
287 431.5
288 433.0
289 434.5
290 436.0
291 437.5
292 439.0
293 440.5
294 442.0
295 443.5
296 445.0
297 446.5
298 448.0
299 449.5
300 451.0
301 452.5
302 454.0
303 455.5
304 457.0
305 458.5
306 460.0
307 461.5
308 463.0
309 464.5
310 466.0
311 467.5
312 469.0
313 470.5
314 472.0
315 473.5
316 475.0
317 476.5
318 478.0
319 479.5
320 481.0
321 482.5
322 484.0
323 485.5
324 487.0
325 488.5
326 490.0
327 491.5
328 493.0
329 494.5
330 496.0
331 497.5
332 499.0
333 500.5
334 502.0
335 503.5
336 505.0
337 506.5
338 508.0
339 509.5
340 511.0
341 512.5
342 514.0
343 515.5
344 517.0
345 518.5
346 520.0
347 521.5
348 523.0
349 524.5
350 526.0
351 527.5
352 529.0
353 530.5
354 532.0
355 533.5
356 535.0
357 536.5
358 538.0
359 539.5
360 541.0
361 542.5
362 544.0
363 545.5
364 547.0
365 548.5
366 550.0
367 551.5
368 553.0
369 554.5
370 556.0
371 557.5
372 559.0
373 560.5
374 562.0
375 563.5
376 565.0
377 566.5
378 568.0
379 569.5
380 571.0
381 572.5
382 574.0
383 575.5
384 577.0
385 578.5
386 580.0
387 581.5
388 583.0
389 584.5
390 586.0
391 587.5
392 589.0
393 590.5
394 592.0
395 593.5
396 595.0
397 596.5
398 598.0
399 599.5
400 601.0
401 602.5
402 604.0
403 605.5
404 607.0
405 608.5
406 610.0
407 611.5
408 613.0
409 614.5
410 616.0
411 617.5
412 619.0
413 620.5
414 622.0
415 623.5
416 625.0
417 626.5
418 628.0
419 629.5
420 631.0
421 632.5
422 634.0
423 635.5
424 637.0
425 638.5
426 640.0
427 641.5
428 643.0
429 644.5
430 646.0
431 647.5
432 649.0
433 650.5
434 652.0
435 653.5
436 655.0
437 656.5
438 658.0
439 659.5
440 661.0
441 662.5
442 664.0
443 665.5
444 667.0
445 668.5
446 670.0
447 671.5
448 673.0
449 674.5
450 676.0
451 677.5
452 679.0
453 680.5
454 682.0
455 683.5
456 685.0
457 686.5
458 688.0
459 689.5
460 691.0
461 692.5
462 694.0
463 695.5
464 697.0
465 698.5
466 700.0
467 701.5
468 703.0
469 704.5
470 706.0
471 707.5
472 709.0
473 710.5
474 712.0
475 713.5
476 715.0
477 716.5
478 718.0
479 719.5
480 721.0
481 722.5
482 724.0
483 725.5
484 727.0
485 728.5
486 730.0
487 731.5
488 733.0
489 734.5
490 736.0
491 737.5
492 739.0
493 740.5
494 742.0
495 743.5
496 745.0
497 746.5
498 748.0
499 749.5
500 751.0
501 752.5
502 754.0
503 755.5
504 757.0
505 758.5
506 760.0
507 761.5
508 763.0
509 764.5
510 766.0
511 767.5
512 769.0
513 770.5
514 772.0
515 773.5
516 775.0
517 776.5
518 778.0
519 779.5
520 781.0
521 782.5
522 784.0
523 785.5
524 787.0
525 788.5
526 790.0
527 791.5
528 793.0
529 794.5
530 796.0
531 797.5
532 799.0
533 800.5
534 802.0
535 803.5
536 805.0
537 806.5
538 808.0
539 809.5
540 811.0
541 812.5
542 814.0
543 815.5
544 817.0
545 818.5
546 820.0
547 821.5
548 823.0
549 824.5
550 826.0
551 827.5
552 829.0
553 830.5
554 832.0
555 833.5
556 835.0
557 836.5
558 838.0
559 839.5
560 841.0
561 842.5
562 844.0
563 845.5
564 847.0
565 848.5
566 850.0
567 851.5
568 853.0
569 854.5
570 856.0
571 857.5
572 859.0
573 860.5
574 862.0
575 863.5
576 865.0
577 866.5
578 868.0
579 869.5
580 871.0
581 872.5
582 874.0
583 875.5
584 877.0
585 878.5
586 880.0
587 881.5
588 883.0
589 884.5
590 886.0
591 887.5
592 889.0
593 890.5
594 892.0
595 893.5
596 895.0
597 896.5
598 898.0
599 899.5
600 901.0
601 902.5
602 904.0
603 905.5
604 907.0
605 908.5
606 910.0
607 911.5
608 913.0
609 914.5
610 916.0
611 917.5
612 919.0
613 920.5
614 922.0
615 923.5
616 925.0
617 926.5
618 928.0
619 929.5
620 931.0
621 932.5
622 934.0
623 935.5
624 937.0
625 938.5
626 940.0
627 941.5
628 943.0
629 944.5
630 946.0
631 947.5
632 949.0
633 950.5
634 952.0
635 953.5
636 955.0
637 956.5
638 958.0
639 959.5
640 961.0
641 962.5
642 964.0
643 965.5
644 967.0
645 968.5
646 970.0
647 971.5
648 973.0
649 974.5
650 976.0
651 977.5
652 979.0
653 980.5
654 982.0
655 983.5
656 985.0
657 986.5
658 988.0
659 989.5
660 991.0
661 992.5
662 994.0
663 995.5
664 997.0
665 998.5
666 1000.0
667 1001.5
668 1003.0
669 1004.5
670 1006.0
671 1007.5
672 1009.0
673 1010.5
674 1012.0
675 1013.5
676 1015.0
677 1016.5
678 1018.0
679 1019.5
680 1021.0
681 1022.5
682 1024.0
683 1024.0
684 1024.0
685 1024.0
686 1024.0
687 1024.0
688 1024.0
689 1024.0
690 1024.0
691 1024.0
692 1024.0
693 1024.0
694 1024.0
695 1024.0
696 1024.0
697 1024.0
698 1024.0
699 1024.0
700 1024.0
701 1024.0
702 1024.0
703 1024.0
704 1024.0
705 1024.0
706 1024.0
707 1024.0
708 1024.0
709 1024.0
710 1024.0
711 1024.0
712 1024.0
713 1024.0
714 1024.0
715 1024.0
716 1024.0
717 1024.0
718 1024.0
719 1024.0
720 1024.0
721 1024.0
722 1024.0
723 1024.0
724 1024.0
725 1024.0
726 1024.0
727 1024.0
728 1024.0
729 1024.0
730 1024.0
731 1024.0
732 1024.0
733 1024.0
734 1024.0
735 1024.0
736 1024.0
737 1024.0
738 1024.0
739 1024.0
740 1024.0
741 1024.0
742 1024.0
743 1024.0
744 1024.0
745 1024.0
746 1024.0
747 1024.0
748 1024.0
749 1024.0
750 1024.0
751 1024.0
752 1024.0
753 1024.0
754 1024.0
755 1024.0
756 1024.0
757 1024.0
758 1024.0
759 1024.0
760 1024.0
761 1024.0
762 1024.0
763 1024.0
764 1024.0
765 1024.0
766 1024.0
767 1024.0
768 1024.0
769 1024.0
770 1024.0
771 1024.0
772 1024.0
773 1024.0
774 1024.0
775 1024.0
776 1024.0
777 1024.0
778 1024.0
779 1024.0
780 1024.0
781 1024.0
782 1024.0
783 1024.0
784 1024.0
785 1024.0
786 1024.0
787 102.4
788 103.9
789 105.4
790 106.9
791 108.4
792 109.9
793 111.4
794 112.9
795 114.4
796 115.9
797 117.4
798 118.9
799 120.4
800 121.9
801 123.4
802 124.9
803 126.4
804 127.9
805 129.4
806 130.9
807 132.4
808 133.9
809 135.4
810 136.9
811 138.4
812 139.9
813 141.4
814 142.9
815 144.4
816 145.9
817 147.4
818 148.9
819 150.4
820 151.9
821 153.4
822 154.9
823 156.4
824 157.9
825 159.4
826 160.9
827 162.4
828 163.9
829 165.4
830 166.9
831 168.4
832 169.9
833 171.4
834 172.9
835 174.4
836 175.9
837 177.4
838 178.9
839 180.4
840 181.9
841 183.4
842 184.9
843 186.4
844 187.9
845 189.4
846 190.9
847 192.4
848 193.9
849 195.4
850 196.9
851 198.4
852 199.9
853 201.4
854 202.9
855 204.4
856 205.9
857 207.4
858 208.9
859 210.4
860 211.9
861 213.4
862 214.9
863 216.4
864 217.9
865 219.4
866 220.9
867 222.4
868 223.9
869 225.4
870 226.9
871 228.4
872 229.9
873 231.4
874 232.9
875 234.4
876 235.9
877 237.4
878 238.9
879 240.4
880 241.9
881 243.4
882 244.9
883 246.4
884 247.9
885 249.4
886 250.9
887 252.4
888 253.9
889 255.4
890 256.9
891 258.4
892 259.9
893 261.4
894 262.9
895 264.4
896 265.9
897 267.4
898 268.9
899 270.4
900 271.9
901 273.4
902 274.9
903 276.4
904 277.9
905 279.4
906 280.9
907 282.4
908 283.9
909 285.4
910 286.9
911 288.4
912 289.9
913 291.4
914 292.9
915 294.4
916 295.9
917 297.4
918 298.9
919 300.4
920 301.9
921 303.4
922 304.9
923 306.4
924 307.9
925 309.4
926 310.9
927 312.4
928 313.9
929 315.4
930 316.9
931 318.4
932 319.9
933 321.4
934 322.9
935 324.4
936 325.9
937 327.4
938 328.9
939 330.4
940 331.9
941 333.4
942 334.9
943 336.4
944 337.9
945 339.4
946 340.9
947 342.4
948 343.9
949 345.4
950 346.9
951 348.4
952 349.9
953 351.4
954 352.9
955 354.4
956 355.9
957 357.4
958 358.9
959 360.4
960 361.9
961 363.4
962 364.9
963 366.4
964 367.9
965 369.4
966 370.9
967 372.4
968 373.9
969 375.4
970 376.9
971 378.4
972 379.9
973 381.4
974 382.9
975 384.4
976 385.9
977 387.4
978 388.9
979 390.4
980 391.9
981 393.4
982 394.9
983 396.4
984 397.9
985 399.4
986 400.9
987 402.4
988 403.9
989 405.4
990 406.9
991 408.4
992 409.9
993 411.4
994 412.9
995 414.4
996 415.9
997 417.4
998 418.9
999 420.4
1000 421.9
1001 423.4
1002 424.9
1003 426.4
1004 427.9
1005 429.4
1006 430.9
1007 432.4
1008 433.9
1009 435.4
1010 436.9
1011 438.4
1012 439.9
1013 441.4
1014 442.9
1015 444.4
1016 445.9
1017 447.4
1018 448.9
1019 450.4
1020 451.9
1021 453.4
1022 454.9
1023 456.4
1024 457.9
1025 459.4
1026 460.9
1027 462.4
1028 463.9
1029 465.4
1030 466.9
1031 468.4
1032 469.9
1033 471.4
1034 472.9
1035 474.4
1036 475.9
1037 477.4
1038 478.9
1039 480.4
1040 481.9
1041 483.4
1042 484.9
1043 486.4
1044 487.9
1045 489.4
1046 490.9
1047 492.4
1048 493.9
1049 495.4
1050 496.9
1051 498.4
1052 499.9
1053 501.4
1054 502.9
1055 504.4
1056 505.9
1057 507.4
1058 508.9
1059 510.4
1060 511.9
1061 513.4
1062 514.9
1063 516.4
1064 517.9
1065 519.4
1066 520.9
1067 522.4
1068 523.9
1069 525.4
1070 526.9
1071 528.4
1072 529.9
1073 531.4
1074 532.9
1075 534.4
1076 535.9
1077 537.4
1078 538.9
1079 540.4
1080 541.9
1081 543.4
1082 544.9
1083 546.4
1084 547.9
1085 549.4
1086 550.9
1087 552.4
1088 553.9
1089 555.4
1090 556.9
1091 558.4
1092 559.9
1093 561.4
1094 562.9
1095 564.4
1096 565.9
1097 567.4
1098 568.9
1099 570.4
1100 571.9
1101 573.4
1102 574.9
1103 576.4
1104 577.9
1105 579.4
1106 580.9
1107 582.4
1108 583.9
1109 585.4
1110 586.9
1111 588.4
1112 589.9
1113 591.4
1114 592.9
1115 594.4
1116 595.9
1117 597.4
1118 598.9
1119 600.4
1120 601.9
1121 603.4
1122 604.9
1123 606.4
1124 607.9
1125 609.4
1126 610.9
1127 612.4
1128 613.9
1129 615.4
1130 616.9
1131 618.4
1132 619.9
1133 621.4
1134 622.9
1135 624.4
1136 625.9
1137 627.4
1138 628.9
1139 630.4
1140 631.9
1141 633.4
1142 634.9
1143 636.4
1144 637.9
1145 639.4
1146 640.9
1147 642.4
