1 2.5
2 4.0
3 5.5
4 7.0
5 8.5
6 10.0
7 11.5
8 13.0
9 14.5
10 16.0
11 17.5
12 19.0
13 20.5
14 22.0
15 23.5
16 25.0
17 26.5
18 28.0
19 29.5
20 31.0
21 32.5
22 34.0
23 35.5
24 37.0
25 38.5
26 40.0
27 41.5
28 43.0
29 44.5
30 46.0
31 47.5
32 49.0
33 50.5
34 52.0
35 53.5
36 55.0
37 56.5
38 58.0
39 59.5
40 61.0
41 62.5
42 64.0
43 65.5
44 67.0
45 68.5
46 70.0
47 71.5
48 73.0
49 74.5
50 76.0
51 77.5
52 79.0
53 80.5
54 82.0
55 83.5
56 85.0
57 86.5
58 88.0
59 89.5
60 91.0
61 92.5
62 94.0
63 95.5
64 97.0
65 98.5
66 100.0
67 101.5
68 103.0
69 104.5
70 106.0
71 107.5
72 109.0
73 110.5
74 112.0
75 113.5
76 115.0
77 116.5
78 118.0
79 119.5
80 121.0
81 122.5
82 124.0
83 125.5
84 127.0
85 128.5
86 130.0
87 131.5
88 133.0
89 134.5
90 136.0
91 137.5
92 139.0
93 140.5
94 142.0
95 143.5
96 145.0
97 146.5
98 148.0
99 149.5
100 151.0
101 152.5
102 154.0
103 155.5
104 157.0
105 158.5
106 160.0
107 161.5
108 163.0
109 164.5
110 166.0
111 167.5
112 169.0
113 170.5
114 172.0
115 173.5
116 175.0
117 176.5
118 178.0
119 179.5
120 181.0
121 182.5
122 184.0
123 185.5
124 187.0
125 188.5
126 56.55
127 58.05
128 59.55
129 61.05
130 62.55
131 64.05
132 65.55
133 67.05
134 68.55
135 70.05
136 71.55
137 73.05
138 74.55
139 76.05
140 77.55
141 79.05
142 80.55
143 82.05
144 83.55
145 85.05
146 86.55
147 88.05
148 89.55
149 91.05
150 92.55
151 94.05
152 95.55
153 97.05
154 98.55
155 100.05
156 101.55
157 103.05
158 104.55
159 106.05
160 107.55
161 109.05
162 110.55
163 112.05
164 113.55
165 115.05
166 116.55
167 118.05
168 119.55
169 121.05
170 122.55
171 124.05
172 125.55
173 127.05
174 128.55
175 130.05
176 131.55
177 133.05
178 134.55
179 136.05
180 137.55
181 139.05
182 140.55
183 142.05
184 143.55
185 145.05
186 146.55
187 148.05
188 149.55
189 151.05
190 152.55
191 154.05
192 155.55
193 157.05
194 158.55
195 160.05
196 161.55
197 163.05
198 164.55
199 166.05
200 167.55
201 169.05
202 170.55
203 172.05
204 173.55
205 175.05
206 176.55
207 178.05
208 179.55
209 181.05
210 182.55
211 184.05
212 185.55
213 187.05
214 188.55
215 190.05
216 191.55
217 193.05
218 194.55
219 196.05
220 197.55
221 199.05
222 200.55
223 202.05
224 203.55
225 205.05
226 206.55
227 208.05
228 209.55
229 211.05
230 212.55
231 214.05
232 215.55
233 217.05
234 218.55
235 220.05
236 221.55
237 223.05
238 224.55
239 226.05
240 227.55
241 229.05
242 230.55
243 232.05
244 233.55
245 235.05
246 236.55
247 238.05
248 239.55
249 241.05
250 242.55
251 244.05
252 245.55
253 247.05
254 248.55
255 250.05
256 251.55
257 253.05
258 254.55
259 256.05
260 257.55
261 259.05
262 260.55
263 262.05
264 263.55
265 265.05
266 266.55
267 268.05
268 269.55
269 271.05
270 272.55
271 274.05
272 275.55
273 277.05
274 278.55
275 280.05
276 281.55
277 283.05
278 284.55
279 284.5535143208575
280 284.5570285983121
281 284.5605428323654
282 284.56405702301896
283 284.56757117027445
284 284.57108527413345
285 284.5745993345976
286 284.5781133516685
287 284.5816273253477
288 284.58514125563687
289 284.5886551425376
290 284.5921689860515
291 284.59568278618013
292 284.5991965429252
293 284.6027102562882
294 284.60622392627084
295 284.60973755287466
296 284.61325113610127
297 284.6167646759523
298 284.6202781724294
299 284.62379162553407
300 284.62730503526797
301 284.6308184016327
302 284.63433172462993
303 284.6378450042612
304 284.64135824052806
305 85.39240747215841
306 86.89240747215841
307 88.39240747215841
308 89.89240747215841
309 91.39240747215841
310 92.89240747215841
311 94.39240747215841
312 95.89240747215841
313 97.39240747215841
314 98.89240747215841
315 100.39240747215841
316 101.89240747215841
317 103.39240747215841
318 104.89240747215841
319 106.39240747215841
320 107.89240747215841
321 109.39240747215841
322 110.89240747215841
323 112.39240747215841
324 113.89240747215841
325 115.39240747215841
326 116.89240747215841
327 118.39240747215841
328 119.89240747215841
329 121.39240747215841
330 122.89240747215841
331 124.39240747215841
332 125.89240747215841
333 127.39240747215841
334 128.89240747215842
335 130.39240747215842
336 131.89240747215842
337 133.39240747215842
338 134.89240747215842
339 136.39240747215842
340 137.89240747215842
341 139.39240747215842
342 140.89240747215842
343 142.39240747215842
344 143.89240747215842
345 145.39240747215842
346 146.89240747215842
347 148.39240747215842
348 149.89240747215842
349 151.39240747215842
350 152.89240747215842
351 154.39240747215842
352 155.89240747215842
353 157.39240747215842
354 158.89240747215842
355 160.39240747215842
356 161.89240747215842
357 163.39240747215842
358 164.89240747215842
359 166.39240747215842
360 167.89240747215842
361 169.39240747215842
362 170.89240747215842
363 172.39240747215842
364 173.89240747215842
365 175.39240747215842
366 176.89240747215842
367 178.39240747215842
368 179.89240747215842
369 53.96772224164753
370 55.46772224164753
371 56.96772224164753
372 58.46772224164753
373 59.96772224164753
374 61.46772224164753
375 62.96772224164753
376 64.46772224164752
377 65.96772224164752
378 67.46772224164752
379 68.96772224164752
380 70.46772224164752
381 71.96772224164752
382 73.46772224164752
383 74.96772224164752
384 76.46772224164752
385 77.96772224164752
386 79.46772224164752
387 80.96772224164752
388 82.46772224164752
389 83.96772224164752
390 85.46772224164752
391 86.96772224164752
392 88.46772224164752
393 89.96772224164752
394 91.46772224164752
395 92.96772224164752
396 94.46772224164752
397 95.96772224164752
398 97.46772224164752
399 98.96772224164752
400 29.690316672494255
401 31.190316672494255
402 32.690316672494255
403 34.190316672494255
404 35.690316672494255
405 37.190316672494255
406 38.690316672494255
407 40.190316672494255
408 41.690316672494255
409 43.190316672494255
410 44.690316672494255
411 46.190316672494255
412 47.690316672494255
413 49.190316672494255
414 50.690316672494255
415 52.190316672494255
416 53.690316672494255
417 55.190316672494255
418 56.690316672494255
419 58.190316672494255
420 59.690316672494255
421 61.190316672494255
422 62.690316672494255
423 64.19031667249425
424 65.69031667249425
425 67.19031667249425
426 68.69031667249425
427 70.19031667249425
428 71.69031667249425
429 73.19031667249425
430 74.69031667249425
431 76.19031667249425
432 77.69031667249425
433 79.19031667249425
434 80.69031667249425
435 82.19031667249425
436 83.69031667249425
437 85.19031667249425
438 86.69031667249425
439 88.19031667249425
440 89.69031667249425
441 91.19031667249425
442 92.69031667249425
443 94.19031667249425
444 95.69031667249425
445 97.19031667249425
446 98.69031667249425
447 100.19031667249425
448 101.69031667249425
449 103.19031667249425
450 104.69031667249425
451 106.19031667249425
452 107.69031667249425
453 109.19031667249425
454 110.69031667249425
455 112.19031667249425
456 113.69031667249425
457 115.19031667249425
458 116.69031667249425
459 118.19031667249425
460 119.69031667249425
461 121.19031667249425
462 122.69031667249425
463 124.19031667249425
464 125.69031667249425
465 37.70709500174827
466 39.20709500174827
467 40.70709500174827
468 42.20709500174827
469 43.70709500174827
470 13.11212850052448
471 14.61212850052448
472 16.11212850052448
473 17.61212850052448
474 19.11212850052448
475 20.61212850052448
476 22.11212850052448
477 23.61212850052448
478 25.11212850052448
479 26.61212850052448
480 28.11212850052448
481 29.61212850052448
482 31.11212850052448
483 32.61212850052448
484 34.11212850052448
485 35.61212850052448
486 37.11212850052448
487 38.61212850052448
488 40.11212850052448
489 41.61212850052448
490 43.11212850052448
491 44.61212850052448
492 46.11212850052448
493 47.61212850052448
494 49.11212850052448
495 50.61212850052448
496 52.11212850052448
497 53.61212850052448
498 55.11212850052448
499 56.61212850052448
500 58.11212850052448
501 59.61212850052448
502 61.11212850052448
503 62.61212850052448
504 64.11212850052448
505 65.61212850052448
506 67.11212850052448
507 67.12702893688885
508 67.14192606574792
509 67.15681988930343
510 20.14704596679103
511 21.64704596679103
512 23.14704596679103
513 24.64704596679103
514 26.14704596679103
515 27.64704596679103
516 29.14704596679103
517 30.64704596679103
518 32.147045966791026
519 33.647045966791026
520 35.147045966791026
521 36.647045966791026
522 10.994113790037307
523 12.494113790037307
524 13.994113790037307
525 15.494113790037307
526 16.994113790037307
527 18.494113790037307
528 19.994113790037307
529 21.494113790037307
530 22.994113790037307
531 24.494113790037307
532 25.994113790037307
533 27.494113790037307
534 28.994113790037307
535 30.494113790037307
536 31.994113790037307
537 33.494113790037304
538 34.994113790037304
539 36.494113790037304
540 37.994113790037304
541 39.494113790037304
542 40.994113790037304
543 42.494113790037304
544 43.994113790037304
545 45.494113790037304
546 46.994113790037304
547 48.494113790037304
548 49.994113790037304
549 51.494113790037304
550 52.994113790037304
551 54.494113790037304
552 55.994113790037304
553 56.011972810071974
554 56.029826135884846
555 56.047673772919715
556 56.0655157266117
557 56.08335200238728
558 56.1011826056643
559 56.11900754185199
560 56.136826816351
561 56.154640434553386
562 57.654640434553386
563 59.154640434553386
564 60.654640434553386
565 62.154640434553386
566 63.654640434553386
567 65.15464043455339
568 66.65464043455339
569 68.15464043455339
570 69.65464043455339
571 71.15464043455339
572 72.65464043455339
573 74.15464043455339
574 75.65464043455339
575 77.15464043455339
576 78.65464043455339
577 80.15464043455339
578 81.65464043455339
579 83.15464043455339
580 84.65464043455339
581 84.6664531360765
582 84.6782641894862
583 84.69007359547216
584 84.70188135472357
585 84.71368746792915
586 84.72549193577714
587 84.7372947589553
588 84.74909593815089
589 84.76089547405071
590 84.77269336734109
591 84.78448961870787
592 84.79628422883641
593 84.80807719841161
594 84.81986852811787
595 84.83165821863912
596 84.84344627065883
597 84.85523268486
598 84.86701746192512
599 84.87880060253623
600 84.89058210737491
601 84.90236197712224
602 84.91414021245885
603 84.92591681406486
604 84.93769178261998
605 84.94946511880339
606 84.96123682329383
607 84.97300689676958
608 84.98477533990841
609 84.99654215338765
610 85.00830733788416
611 85.02007089407432
612 85.03183282263406
613 85.04359312423882
614 85.0553517995636
615 85.06710884928289
616 85.07886427407077
617 85.09061807460081
618 85.10237025154613
619 86.60237025154613
620 88.10237025154613
621 89.60237025154613
622 91.10237025154613
623 92.60237025154613
624 94.10237025154613
625 95.60237025154613
626 97.10237025154613
627 98.60237025154613
628 100.10237025154613
629 101.60237025154613
630 103.10237025154613
631 104.60237025154613
632 106.10237025154613
633 107.60237025154613
634 109.10237025154613
635 110.60237025154613
636 112.10237025154613
637 113.60237025154613
638 113.61117288478157
639 113.61997483598591
640 113.62877610531768
641 113.63757669293533
642 113.64637659899722
643 113.65517582366171
644 113.66397436708705
645 113.67277222943146
646 113.68156941085307
647 113.69036591150997
648 113.69916173156018
649 113.70795687116166
650 113.7167513304723
651 113.72554510964996
652 113.73433820885239
653 113.74313062823732
654 113.75192236796241
655 113.76071342818524
656 113.76950380906335
657 113.77829351075422
658 113.78708253341526
659 113.79587087720381
660 113.80465854227717
661 113.81344552879256
662 113.82223183690715
663 113.83101746677806
664 113.83980241856233
665 113.84858669241694
666 113.85737028849883
667 113.86615320696485
668 113.87493544797182
669 113.88371701167648
670 113.8924978982355
671 113.90127810780552
672 113.9100576405431
673 113.91883649660474
674 113.92761467614689
675 113.93639217932592
676 113.94516900629817
677 113.95394515721989
678 113.96272063224728
679 113.9714954315365
680 113.9802695552436
681 113.98904300352461
682 113.99781577653552
683 114.0065878744322
684 114.01535929737051
685 114.02413004550623
686 114.03290011899506
687 114.04166951799269
688 114.0504382426547
689 114.05920629313665
690 114.06797366959401
691 114.07674037218221
692 114.08550640105662
693 114.09427175637252
694 114.10303643828517
695 114.11180044694976
696 114.12056378252139
697 114.12932644515514
698 114.13808843500603
699 114.14684975222897
700 114.15561039697887
701 114.16437036941056
702 114.1731296696788
703 114.1818882979383
704 114.1906462543437
705 115.6906462543437
706 117.1906462543437
707 118.6906462543437
708 35.60719387630311
709 37.10719387630311
710 38.60719387630311
711 40.10719387630311
712 41.60719387630311
713 43.10719387630311
714 44.60719387630311
715 46.10719387630311
716 47.60719387630311
717 49.10719387630311
718 50.60719387630311
719 52.10719387630311
720 53.60719387630311
721 55.10719387630311
722 56.60719387630311
723 58.10719387630311
724 17.432158162890932
725 18.932158162890932
726 20.432158162890932
727 21.932158162890932
728 23.432158162890932
729 24.932158162890932
730 26.432158162890932
731 27.932158162890932
732 29.432158162890932
733 30.932158162890932
734 32.43215816289093
735 33.93215816289093
736 35.43215816289093
737 36.93215816289093
738 38.43215816289093
739 39.93215816289093
740 41.43215816289093
741 42.93215816289093
742 44.43215816289093
743 45.93215816289093
744 47.43215816289093
745 48.93215816289093
746 50.43215816289093
747 51.93215816289093
748 53.43215816289093
749 54.93215816289093
750 56.43215816289093
751 57.93215816289093
752 59.43215816289093
753 60.93215816289093
754 18.279647448867276
755 19.779647448867276
756 21.279647448867276
757 22.779647448867276
758 24.279647448867276
759 25.779647448867276
760 27.279647448867276
761 28.779647448867276
762 30.279647448867276
763 31.779647448867276
764 33.27964744886728
765 34.77964744886728
766 36.27964744886728
767 37.77964744886728
768 39.27964744886728
769 40.77964744886728
770 42.27964744886728
771 43.77964744886728
772 45.27964744886728
773 46.77964744886728
774 48.27964744886728
775 49.77964744886728
776 51.27964744886728
777 52.77964744886728
778 54.27964744886728
779 55.77964744886728
780 57.27964744886728
781 58.77964744886728
782 60.27964744886728
783 61.77964744886728
784 63.27964744886728
785 64.77964744886728
786 66.27964744886728
787 67.77964744886728
788 69.27964744886728
789 70.77964744886728
790 72.27964744886728
791 73.77964744886728
792 75.27964744886728
793 76.77964744886728
794 78.27964744886728
795 79.77964744886728
796 81.27964744886728
797 82.77964744886728
798 84.27964744886728
799 85.77964744886728
800 87.27964744886728
801 88.77964744886728
802 90.27964744886728
803 91.77964744886728
804 27.533894234660185
805 29.033894234660185
806 30.533894234660185
807 32.03389423466018
808 33.53389423466018
809 35.03389423466018
810 36.53389423466018
811 38.03389423466018
812 39.53389423466018
813 41.03389423466018
814 42.53389423466018
815 44.03389423466018
816 45.53389423466018
817 47.03389423466018
818 48.53389423466018
819 50.03389423466018
820 51.53389423466018
821 53.03389423466018
822 54.53389423466018
823 56.03389423466018
824 57.53389423466018
825 17.260168270398054
826 18.760168270398054
827 20.260168270398054
828 21.760168270398054
829 23.260168270398054
830 24.760168270398054
831 26.260168270398054
832 27.760168270398054
833 29.260168270398054
834 30.760168270398054
835 32.260168270398054
836 33.760168270398054
837 35.260168270398054
838 36.760168270398054
839 38.260168270398054
840 39.760168270398054
841 11.928050481119415
842 13.428050481119415
843 14.928050481119415
844 16.428050481119413
845 17.928050481119413
846 19.428050481119413
847 20.928050481119413
848 22.428050481119413
849 23.928050481119413
850 25.428050481119413
851 26.928050481119413
852 28.428050481119413
853 29.928050481119413
854 31.428050481119413
855 32.92805048111941
856 34.42805048111941
857 35.92805048111941
858 37.42805048111941
859 38.92805048111941
860 40.42805048111941
861 41.92805048111941
862 43.42805048111941
863 44.92805048111941
864 46.42805048111941
865 47.92805048111941
866 49.42805048111941
867 50.92805048111941
868 52.42805048111941
869 53.92805048111941
870 55.42805048111941
871 56.92805048111941
872 58.42805048111941
873 59.92805048111941
874 59.94473715775868
875 59.9614191893667
876 59.97809657982075
877 59.994769332992725
878 60.01143745274913
879 18.00343123582474
880 19.50343123582474
881 21.00343123582474
882 22.50343123582474
883 24.00343123582474
884 25.50343123582474
885 27.00343123582474
886 28.50343123582474
887 30.00343123582474
888 31.50343123582474
889 33.003431235824735
890 34.503431235824735
891 36.003431235824735
892 37.503431235824735
893 39.003431235824735
894 40.503431235824735
895 42.003431235824735
896 43.503431235824735
897 45.003431235824735
898 46.503431235824735
899 48.003431235824735
900 49.503431235824735
901 51.003431235824735
902 52.503431235824735
903 54.003431235824735
904 55.503431235824735
905 57.003431235824735
906 58.503431235824735
907 60.003431235824735
908 61.503431235824735
909 63.003431235824735
910 64.50343123582473
911 66.00343123582473
912 67.50343123582473
913 69.00343123582473
914 70.50343123582473
915 72.00343123582473
916 73.50343123582473
917 75.00343123582473
918 76.50343123582473
919 78.00343123582473
920 79.50343123582473
921 81.00343123582473
922 82.50343123582473
923 84.00343123582473
924 85.50343123582473
925 87.00343123582473
926 88.50343123582473
927 90.00343123582473
928 91.50343123582473
929 93.00343123582473
930 93.01418352729088
931 93.02493457580927
932 93.03568438181085
933 93.04643294572635
934 93.05718026798623
935 93.06792634902071
936 93.07867118925977
937 93.08941478913312
938 93.10015714907023
939 93.11089826950034
940 93.12163815085242
941 93.13237679355521
942 93.14311419803718
943 93.15385036472658
944 93.16458529405139
945 93.17531898643936
946 94.67531898643936
947 96.17531898643936
948 97.67531898643936
949 99.17531898643936
950 100.67531898643936
951 102.17531898643936
952 103.67531898643936
953 105.17531898643936
954 106.67531898643936
955 108.17531898643936
956 109.67531898643936
957 111.17531898643936
958 112.67531898643936
959 114.17531898643936
960 115.67531898643936
961 117.17531898643936
962 118.67531898643936
963 120.17531898643936
964 121.67531898643936
965 123.17531898643936
966 124.67531898643936
967 126.17531898643936
968 127.67531898643936
969 129.17531898643938
970 130.67531898643938
971 132.17531898643938
972 133.67531898643938
973 135.17531898643938
974 136.67531898643938
975 138.17531898643938
976 139.67531898643938
977 139.68247844744693
978 139.68963754149448
979 139.69679626863845
980 139.70395462893526
981 139.71111262244128
982 139.7182702492129
983 139.72542750930648
984 139.7325844027784
985 139.73974092968496
986 139.74689709008248
987 41.924069127024744
988 43.424069127024744
989 44.924069127024744
990 46.424069127024744
991 47.924069127024744
992 49.424069127024744
993 50.924069127024744
994 52.424069127024744
995 53.924069127024744
996 55.424069127024744
997 56.924069127024744
998 58.424069127024744
999 59.924069127024744
1000 61.424069127024744
1001 62.924069127024744
1002 64.42406912702475
1003 65.92406912702475
1004 67.42406912702475
1005 68.92406912702475
1006 70.42406912702475
1007 71.92406912702475
1008 73.42406912702475
1009 74.92406912702475
1010 76.42406912702475
1011 77.92406912702475
1012 79.42406912702475
1013 80.92406912702475
1014 82.42406912702475
1015 83.92406912702475
1016 85.42406912702475
1017 86.92406912702475
1018 88.42406912702475
1019 89.92406912702475
1020 91.42406912702475
1021 92.92406912702475
1022 94.42406912702475
1023 95.92406912702475
1024 97.42406912702475
1025 98.92406912702475
1026 100.42406912702475
1027 101.92406912702475
1028 103.42406912702475
1029 104.92406912702475
