1 5.0
2 6.0
3 7.0
4 8.0
5 9.0
6 10.0
7 11.0
8 12.0
9 13.0
10 14.0
11 15.0
12 16.0
13 17.0
14 18.0
15 19.0
16 20.0
17 21.0
18 6.3
19 7.3
20 8.3
21 9.3
22 10.3
23 11.3
24 12.3
25 13.3
26 14.3
27 15.3
28 16.3
29 17.3
30 18.3
31 19.3
32 20.3
33 21.3
34 22.3
35 23.3
36 24.3
37 24.320576131687243
38 24.341134855185103
39 24.361676214615333
40 25.361676214615333
41 26.361676214615333
42 27.361676214615333
43 28.361676214615333
44 29.361676214615333
45 30.361676214615333
46 31.361676214615333
47 32.36167621461533
48 33.36167621461533
49 34.36167621461533
50 35.36167621461533
51 35.37581581583122
52 35.38994976549341
53 35.404078070374126
54 35.418200737232056
55 35.43231777281242
56 35.446429183846995
57 35.46053497705417
58 35.47463515913894
59 35.488729736793005
60 35.50281871669475
61 35.5169021055093
62 35.5309799098886
63 35.54505213647138
64 35.55911879188323
65 36.55911879188323
66 37.55911879188323
67 38.55911879188323
68 39.55911879188323
69 40.55911879188323
70 41.55911879188323
71 42.55911879188323
72 43.55911879188323
73 44.55911879188323
74 45.55911879188323
75 46.55911879188323
76 46.56985782674845
77 46.580594385186316
78 46.59132846890937
79 46.60206007962817
80 46.61278921905131
81 46.62351588888542
82 46.63424009083518
83 46.64496182660328
84 46.65568109789047
85 46.666397906395545
86 46.67711225381535
87 46.68782414184478
88 46.698533572176785
89 46.70924054650238
90 46.719945066510626
91 46.73064713388866
92 46.74134675032169
93 46.75204391749299
94 46.76273863708391
95 46.773430910773875
96 46.78412074024039
97 46.794808127159044
98 46.805493073203515
99 46.81617558004557
100 46.82685564935505
101 47.82685564935505
102 48.82685564935505
103 49.82685564935505
104 50.82685564935505
105 51.82685564935505
106 52.82685564935505
107 53.82685564935505
108 54.82685564935505
109 55.82685564935505
110 56.82685564935505
111 57.82685564935505
112 57.83550215095687
113 57.84414735989264
114 57.85279127674198
115 57.86143390208409
116 57.87007523649772
117 57.878715280561195
118 57.887354034852414
119 57.895991499948835
120 57.90462767642749
121 57.91326256486497
122 57.92189616583746
123 57.930528479920696
124 57.939159507689986
125 57.94778924972022
126 57.95641770658585
127 57.965044878860915
128 57.973670767119
129 57.98229537193329
130 57.99091869387652
131 57.99954073352103
132 58.008161491438706
133 58.01678096820102
134 58.02539916437902
135 58.034016080543324
136 58.04263171726414
137 58.051246075111244
138 58.059859154653985
139 58.06847095646129
140 58.07708148110167
141 58.08569072914322
142 58.0942987011536
143 58.102905397700056
144 58.11151081934941
145 58.120114966668076
146 58.12871784022204
147 58.13731944057686
148 59.13731944057686
149 60.13731944057686
150 61.13731944057686
151 62.13731944057686
152 63.13731944057686
153 64.13731944057686
154 65.13731944057686
155 66.13731944057686
156 67.13731944057686
157 68.13731944057686
158 69.13731944057686
159 69.14455142475047
160 69.15178265251458
161 69.15901312410651
162 20.74770393723195
163 21.74770393723195
164 22.74770393723195
165 23.74770393723195
166 24.74770393723195
167 25.74770393723195
168 26.74770393723195
169 27.74770393723195
170 28.74770393723195
171 29.74770393723195
172 30.74770393723195
173 31.74770393723195
174 32.74770393723195
175 33.74770393723195
176 34.74770393723195
177 35.74770393723195
178 36.74770393723195
179 37.74770393723195
180 38.74770393723195
181 39.74770393723195
182 40.74770393723195
183 41.74770393723195
184 42.74770393723195
185 43.74770393723195
186 44.74770393723195
187 45.74770393723195
188 46.74770393723195
189 47.74770393723195
190 48.74770393723195
191 49.74770393723195
192 50.74770393723195
193 51.74770393723195
194 52.74770393723195
195 53.74770393723195
196 54.74770393723195
197 55.74770393723195
198 56.74770393723195
199 57.74770393723195
200 58.74770393723195
201 59.74770393723195
202 60.74770393723195
203 61.74770393723195
204 62.74770393723195
205 63.74770393723195
206 64.74770393723195
207 65.74770393723195
208 66.74770393723195
209 67.74770393723195
210 68.74770393723195
211 69.74770393723195
212 70.74770393723195
213 71.74770393723195
214 72.74770393723195
215 73.74770393723195
216 74.74770393723195
217 75.74770393723195
218 76.74770393723195
219 76.75421879011157
220 76.76073309001431
221 76.76724683708098
222 76.77376003145228
223 76.78027267326891
224 76.78678476267146
225 76.79329629980047
226 77.79329629980047
227 78.79329629980047
228 79.79329629980047
229 80.79329629980047
230 81.79329629980047
231 82.79329629980047
232 83.79329629980047
233 84.79329629980047
234 85.79329629980047
235 86.79329629980047
236 87.79329629980047
237 88.79329629980047
238 89.79329629980047
239 90.79329629980047
240 91.79329629980047
241 92.79329629980047
242 93.79329629980047
243 94.79329629980047
244 95.79329629980047
245 96.79329629980047
246 97.79329629980047
247 98.79329629980047
248 99.79329629980047
249 100.79329629980047
250 101.79329629980047
251 102.79329629980047
252 103.79329629980047
253 104.79329629980047
254 105.79329629980047
255 106.79329629980047
256 107.79329629980047
257 108.79329629980047
258 109.79329629980047
259 110.79329629980047
260 111.79329629980047
261 111.797768839895
262 111.80224120106274
263 111.80671338332517
264 111.81118538670377
265 111.81565721121999
266 111.8201288568953
267 111.82460032375114
268 111.82907161180898
269 111.83354272109025
270 111.83801365161641
271 111.84248440340889
272 111.84695497648912
273 111.85142537087853
274 111.85589558659855
275 111.8603656236706
276 111.8648354821161
277 111.86930516195648
278 111.87377466321311
279 111.87824398590742
280 33.563473195772225
281 34.563473195772225
282 35.563473195772225
283 36.563473195772225
284 37.563473195772225
285 38.563473195772225
286 39.563473195772225
287 40.563473195772225
288 41.563473195772225
289 42.563473195772225
290 43.563473195772225
291 44.563473195772225
292 45.563473195772225
293 46.563473195772225
294 47.563473195772225
295 48.563473195772225
296 49.563473195772225
297 50.563473195772225
298 51.563473195772225
299 52.563473195772225
300 53.563473195772225
301 54.563473195772225
302 55.563473195772225
303 56.563473195772225
304 57.563473195772225
305 58.563473195772225
306 59.563473195772225
307 60.563473195772225
308 61.563473195772225
309 62.563473195772225
310 63.563473195772225
311 64.56347319577222
312 65.56347319577222
313 66.56347319577222
314 67.56347319577222
315 68.56347319577222
316 69.56347319577222
317 70.56347319577222
318 71.56347319577222
319 72.56347319577222
320 73.56347319577222
321 74.56347319577222
322 75.56347319577222
323 76.56347319577222
324 77.56347319577222
325 78.56347319577222
326 79.56347319577222
327 80.56347319577222
328 81.56347319577222
329 82.56347319577222
330 83.56347319577222
331 84.56347319577222
332 85.56347319577222
333 86.56347319577222
334 87.56347319577222
335 88.56347319577222
336 89.56347319577222
337 90.56347319577222
338 91.56347319577222
339 92.56347319577222
340 93.56347319577222
341 94.56347319577222
342 95.56347319577222
343 96.56347319577222
344 97.56347319577222
345 98.56347319577222
346 99.56347319577222
347 100.56347319577222
348 101.56347319577222
349 102.56347319577222
350 103.56347319577222
351 104.56347319577222
352 105.56347319577222
353 106.56347319577222
354 107.56347319577222
355 108.56347319577222
356 109.56347319577222
357 110.56347319577222
358 111.56347319577222
359 112.56347319577222
360 113.56347319577222
361 114.56347319577222
362 115.56347319577222
363 116.56347319577222
364 117.56347319577222
365 118.56347319577222
366 119.56347319577222
367 120.56347319577222
368 121.56347319577222
369 122.56347319577222
370 123.56347319577222
371 123.56751969905565
372 123.57156606982701
373 123.57561230809931
374 123.57965841388557
375 123.5837043871988
376 123.587750228052
377 123.5917959364582
378 123.59584151243038
379 123.59988695598157
380 123.60393226712476
381 123.60797744587295
382 123.61202249223913
383 124.61202249223913
384 125.61202249223913
385 126.61202249223913
386 127.61202249223913
387 128.61202249223913
388 129.61202249223913
389 130.61202249223913
390 131.61202249223913
391 132.61202249223913
392 133.61202249223913
393 134.61202249223913
394 135.61202249223913
395 136.61202249223913
396 137.61202249223913
397 138.61202249223913
398 139.61202249223913
399 140.61202249223913
400 141.61202249223913
401 142.61202249223913
402 143.61202249223913
403 144.61202249223913
404 145.61202249223913
405 146.61202249223913
406 147.61202249223913
407 148.61202249223913
408 149.61202249223913
409 150.61202249223913
410 151.61202249223913
411 152.61202249223913
412 153.61202249223913
413 154.61202249223913
414 155.61202249223913
415 156.61202249223913
416 157.61202249223913
417 158.61202249223913
418 159.61202249223913
419 160.61202249223913
420 161.61202249223913
421 162.61202249223913
422 163.61202249223913
423 164.61202249223913
424 165.61202249223913
425 166.61202249223913
426 167.61202249223913
427 168.61202249223913
428 169.61202249223913
429 170.61202249223913
430 171.61202249223913
431 172.61202249223913
432 173.61202249223913
433 174.61202249223913
434 175.61202249223913
435 176.61202249223913
436 177.61202249223913
437 178.61202249223913
438 179.61202249223913
439 179.61480627025722
440 179.61759000513067
441 179.62037369686144
442 179.62315734545157
443 179.62594095090307
444 179.62872451321792
445 179.63150803239813
446 179.63429150844573
447 179.6370749413627
448 53.89112248240881
449 54.89112248240881
450 55.89112248240881
451 56.89112248240881
452 57.89112248240881
453 58.89112248240881
454 59.89112248240881
455 60.89112248240881
456 61.89112248240881
457 62.89112248240881
458 63.89112248240881
459 64.8911224824088
460 65.8911224824088
461 66.8911224824088
462 67.8911224824088
463 68.8911224824088
464 69.8911224824088
465 70.8911224824088
466 21.26733674472264
467 22.26733674472264
468 23.26733674472264
469 24.26733674472264
470 25.26733674472264
471 26.26733674472264
472 27.26733674472264
473 28.26733674472264
474 29.26733674472264
475 30.26733674472264
476 31.26733674472264
477 32.26733674472264
478 33.26733674472264
479 34.26733674472264
480 35.26733674472264
481 36.26733674472264
482 37.26733674472264
483 38.26733674472264
484 39.26733674472264
485 40.26733674472264
486 41.26733674472264
487 42.26733674472264
488 43.26733674472264
489 44.26733674472264
490 45.26733674472264
491 46.26733674472264
492 47.26733674472264
493 48.26733674472264
494 49.26733674472264
495 50.26733674472264
496 51.26733674472264
497 52.26733674472264
498 53.26733674472264
499 54.26733674472264
500 55.26733674472264
501 56.26733674472264
502 57.26733674472264
503 58.26733674472264
504 59.26733674472264
505 60.26733674472264
506 61.26733674472264
507 62.26733674472264
508 63.26733674472264
509 64.26733674472264
510 65.26733674472264
511 66.26733674472264
512 67.26733674472264
513 68.26733674472264
514 69.26733674472264
515 70.26733674472264
516 71.26733674472264
517 72.26733674472264
518 73.26733674472264
519 74.26733674472264
520 75.26733674472264
521 76.26733674472264
522 77.26733674472264
523 78.26733674472264
524 23.480201023416793
525 24.480201023416793
526 25.480201023416793
527 26.480201023416793
528 27.480201023416793
529 28.480201023416793
530 29.480201023416793
531 30.480201023416793
532 31.480201023416793
533 32.4802010234168
534 33.4802010234168
535 34.4802010234168
536 35.4802010234168
537 36.4802010234168
538 37.4802010234168
539 38.4802010234168
540 39.4802010234168
541 40.4802010234168
542 41.4802010234168
543 42.4802010234168
544 43.4802010234168
545 44.4802010234168
546 45.4802010234168
547 46.4802010234168
548 47.4802010234168
549 48.4802010234168
550 49.4802010234168
551 50.4802010234168
552 51.4802010234168
553 52.4802010234168
554 53.4802010234168
555 54.4802010234168
556 55.4802010234168
557 56.4802010234168
558 57.4802010234168
559 58.4802010234168
560 59.4802010234168
561 60.4802010234168
562 61.4802010234168
563 62.4802010234168
564 63.4802010234168
565 64.4802010234168
566 65.4802010234168
567 66.4802010234168
568 67.4802010234168
569 68.4802010234168
570 69.4802010234168
571 70.4802010234168
572 71.4802010234168
573 72.4802010234168
574 73.4802010234168
575 74.4802010234168
576 75.4802010234168
577 76.4802010234168
578 77.4802010234168
579 78.4802010234168
580 79.4802010234168
581 80.4802010234168
582 81.4802010234168
583 82.4802010234168
584 83.4802010234168
585 84.4802010234168
586 85.4802010234168
587 86.4802010234168
588 87.4802010234168
589 87.48591660241811
590 87.49163180801254
591 87.49734664027326
592 87.50306109927344
593 87.5087751850862
594 87.51448889778463
595 87.52020223744184
596 87.52591520413087
597 88.52591520413087
598 89.52591520413087
599 90.52591520413087
600 91.52591520413087
601 92.52591520413087
602 93.52591520413087
603 94.52591520413087
604 95.52591520413087
605 28.65777456123926
606 29.65777456123926
607 30.65777456123926
608 31.65777456123926
609 32.657774561239265
610 33.657774561239265
611 10.097332368371779
612 11.097332368371779
613 12.097332368371779
614 13.097332368371779
615 14.097332368371779
616 15.097332368371779
617 16.09733236837178
618 17.09733236837178
619 18.09733236837178
620 19.09733236837178
621 20.09733236837178
622 21.09733236837178
623 22.09733236837178
624 23.09733236837178
625 24.09733236837178
626 25.09733236837178
627 26.09733236837178
628 27.09733236837178
629 28.09733236837178
630 29.09733236837178
631 30.09733236837178
632 31.09733236837178
633 32.09733236837178
634 33.09733236837178
635 34.09733236837178
636 35.09733236837178
637 36.09733236837178
638 37.09733236837178
639 38.09733236837178
640 38.110456646868904
641 38.12357640569607
642 38.136691649519975
643 38.1498023829993
644 38.16290861078471
645 39.16290861078471
646 40.16290861078471
647 41.16290861078471
648 42.16290861078471
649 43.16290861078471
650 44.16290861078471
651 45.16290861078471
652 46.16290861078471
653 47.16290861078471
654 48.16290861078471
655 49.16290861078471
656 50.16290861078471
657 51.16290861078471
658 52.16290861078471
659 53.16290861078471
660 54.16290861078471
661 55.16290861078471
662 55.171972672354194
663 55.1810352448123
664 55.19009632889276
665 55.19915592532869
666 55.20821403485262
667 55.21727065819646
668 55.226325796091544
669 55.235379449268585
670 55.2444316184577
671 55.25348230438843
672 55.26253150778968
673 55.27157922938979
674 55.2806254699165
675 55.28967023009694
676 55.29871351065765
677 55.30775531232458
678 55.31679563582309
679 55.32583448187795
680 55.334871851213315
681 55.34390774455277
682 55.35294216261931
683 55.36197510613532
684 56.36197510613532
685 57.36197510613532
686 58.36197510613532
687 59.36197510613532
688 60.36197510613532
689 61.36197510613532
690 62.36197510613532
691 63.36197510613532
692 64.36197510613532
693 65.36197510613532
694 66.36197510613532
695 67.36197510613532
696 68.36197510613532
697 69.36197510613532
698 70.36197510613532
699 71.36197510613532
700 72.36197510613532
701 72.36888481250067
702 72.37579385913439
703 72.38270224622542
704 72.38960997396262
705 72.39651704253475
706 72.40342345213048
707 72.4103292029384
708 72.41723429514698
709 72.42413872894464
710 72.43104250451968
711 72.43794562206033
712 72.44484808175471
713 72.45174988379087
714 72.45865102835675
715 72.46555151564024
716 72.4724513458291
717 72.47935051911101
718 72.48624903567357
719 72.49314689570429
720 72.50004409939058
721 72.50694064691977
722 72.5138365384791
723 72.52073177425572
724 72.52762635443669
725 72.53452027920898
726 72.54141354875946
727 72.54830616327494
728 72.55519812294213
729 72.56208942794764
730 72.56898007847799
731 72.57587007471963
732 72.5827594168589
733 72.58964810508208
734 72.59653613957532
735 72.60342352052471
736 72.61031024811626
737 72.61719632253588
738 72.62408174396937
739 72.63096651260248
740 73.63096651260248
741 74.63096651260248
742 75.63096651260248
743 76.63096651260248
744 77.63096651260248
745 78.63096651260248
746 79.63096651260248
747 80.63096651260248
748 81.63096651260248
749 82.63096651260248
750 83.63096651260248
751 84.63096651260248
752 85.63096651260248
753 86.63096651260248
754 87.63096651260248
755 88.63096651260248
756 89.63096651260248
757 89.63654494179336
758 89.64212302381699
759 89.64770075873818
760 89.65327814662173
761 89.65885518753241
762 89.66443188153497
763 89.67000822869413
764 89.6755842290746
765 89.68115988274107
766 89.68673518975821
767 89.69231015019068
768 89.6978847641031
769 89.70345903156007
770 89.70903295262619
771 89.71460652736603
772 89.72017975584413
773 89.72575263812502
774 89.73132517427321
775 89.7368973643532
776 89.74246920842944
777 89.74804070656639
778 89.75361185882846
779 89.7591826652801
780 89.76475312598565
781 89.7703232410095
782 89.77589301041601
783 89.7814624342695
784 89.78703151263427
785 89.79260024557462
786 89.7981686331548
787 89.80373667543908
788 89.80930437249168
789 89.8148717243768
790 89.82043873115865
791 89.82600539290138
792 89.83157170966915
793 89.83713768152609
794 89.8427033085363
795 89.84826859076387
796 89.85383352827287
797 89.85939812112736
798 89.86496236939136
799 89.87052627312889
800 89.87608983240393
801 89.88165304728047
802 89.88721591782243
803 89.89277844409376
804 89.89834062615837
805 89.90390246408016
806 89.90946395792298
807 89.9150251077507
808 89.92058591362714
809 89.92614637561613
810 89.93170649378145
811 89.93726626818687
812 89.94282569889616
813 90.94282569889616
814 91.94282569889616
815 92.94282569889616
816 93.94282569889616
817 94.94282569889616
818 95.94282569889616
819 96.94282569889616
820 97.94282569889616
821 98.94282569889616
822 99.94282569889616
823 100.94282569889616
824 101.94282569889616
825 102.94282569889616
826 103.94282569889616
827 104.94282569889616
828 105.94282569889616
829 106.94282569889616
830 106.94750109433977
831 106.95217628539037
832 106.95685127207474
833 106.9615260544197
834 106.96620063245206
835 106.97087500619857
836 106.97554917568603
837 106.98022314094119
838 106.98489690199085
839 106.98957045886176
840 106.99424381158069
841 32.0982731434742
842 33.0982731434742
843 34.0982731434742
844 35.0982731434742
845 36.0982731434742
846 37.0982731434742
847 38.0982731434742
848 39.0982731434742
849 40.0982731434742
850 41.0982731434742
851 42.0982731434742
852 43.0982731434742
853 44.0982731434742
854 45.0982731434742
855 46.0982731434742
856 47.0982731434742
857 48.0982731434742
858 49.0982731434742
859 50.0982731434742
860 51.0982731434742
861 52.0982731434742
862 53.0982731434742
863 54.0982731434742
864 55.0982731434742
865 56.0982731434742
866 57.0982731434742
867 58.0982731434742
868 59.0982731434742
869 60.0982731434742
870 61.0982731434742
871 62.0982731434742
872 63.0982731434742
873 64.0982731434742
874 65.0982731434742
875 66.0982731434742
876 67.0982731434742
877 68.0982731434742
878 69.0982731434742
879 70.0982731434742
880 71.0982731434742
881 72.0982731434742
882 73.0982731434742
883 74.0982731434742
884 75.0982731434742
885 76.0982731434742
886 77.0982731434742
887 78.0982731434742
888 79.0982731434742
889 80.0982731434742
890 81.0982731434742
891 82.0982731434742
892 83.0982731434742
893 84.0982731434742
894 85.0982731434742
895 86.0982731434742
896 87.0982731434742
897 88.0982731434742
898 89.0982731434742
899 90.0982731434742
900 91.0982731434742
901 92.0982731434742
902 93.0982731434742
903 94.0982731434742
904 95.0982731434742
905 96.0982731434742
906 97.0982731434742
907 98.0982731434742
908 99.0982731434742
909 100.0982731434742
910 101.0982731434742
911 102.0982731434742
912 103.0982731434742
913 104.0982731434742
914 105.0982731434742
915 106.0982731434742
916 107.0982731434742
917 108.0982731434742
918 109.0982731434742
919 110.0982731434742
920 111.0982731434742
921 112.0982731434742
922 113.0982731434742
923 114.0982731434742
924 115.0982731434742
925 116.0982731434742
926 117.0982731434742
927 118.0982731434742
928 119.0982731434742
929 119.10247135715777
930 119.10666942285954
931 119.11086734059515
932 119.11506511038026
933 119.1192627322305
934 119.12346020616151
935 119.12765753218893
936 119.1318547103284
937 119.13605174059553
938 119.14024862300597
939 119.14444535757535
940 119.14864194431928
941 120.14864194431928
942 121.14864194431928
943 122.14864194431928
944 123.14864194431928
945 124.14864194431928
946 125.14864194431928
947 126.14864194431928
948 127.14864194431928
949 128.14864194431928
950 129.14864194431928
951 130.14864194431928
952 131.14864194431928
953 132.14864194431928
954 133.14864194431928
955 134.14864194431928
956 135.14864194431928
957 136.14864194431928
958 137.14864194431928
959 138.14864194431928
960 139.14864194431928
961 140.14864194431928
962 141.14864194431928
963 142.14864194431928
964 143.14864194431928
965 144.14864194431928
966 145.14864194431928
967 146.14864194431928
968 147.14864194431928
969 148.14864194431928
970 149.14864194431928
971 150.14864194431928
972 151.14864194431928
973 152.14864194431928
974 153.14864194431928
975 154.14864194431928
976 155.14864194431928
977 156.14864194431928
978 157.14864194431928
979 158.14864194431928
980 159.14864194431928
981 160.14864194431928
982 161.14864194431928
983 162.14864194431928
984 163.14864194431928
985 164.14864194431928
986 165.14864194431928
987 166.14864194431928
988 167.14864194431928
989 168.14864194431928
990 169.14864194431928
991 170.14864194431928
992 171.14864194431928
993 172.14864194431928
994 173.14864194431928
995 173.1515296366187
996 173.15441728075936
997 173.15730487674364
998 173.16019242457395
999 173.1630799242527
1000 173.16596737578232
1001 173.1688547791652
1002 173.17174213440376
1003 173.17462944150037
1004 173.1775167004575
1005 173.1804039112775
1006 173.1832910739628
1007 173.18617818851584
1008 173.18906525493898
1009 173.19195227323465
1010 173.19483924340526
1011 173.1977261654532
1012 173.20061303938087
1013 173.2034998651907
1014 173.2063866428851
1015 173.20927337246644
1016 173.21216005393717
1017 173.21504668729966
1018 173.21793327255634
1019 173.22081980970958
1020 173.2237062987618
1021 173.22659273971544
1022 173.22947913257286
1023 173.2323654773365
1024 173.23525177400873
1025 173.23813802259198
1026 173.24102422308863
1027 173.2439103755011
1028 173.24679647983177
1029 173.24968253608307
1030 173.2525685442574
1031 173.25545450435717
1032 173.25834041638475
1033 173.26122628034258
1034 173.26411209623305
1035 173.26699786405854
1036 173.26988358382147
1037 173.27276925552422
1038 173.27565487916922
1039 173.27854045475888
1040 173.2814259822956
1041 173.28431146178173
1042 173.28719689321971
1043 173.29008227661194
1044 173.2929676119608
1045 173.2958528992687
1046 173.29873813853806
1047 173.30162332977125
1048 173.30450847297067
1049 173.30739356813874
1050 173.31027861527784
1051 173.3131636143904
1052 173.31604856547878
1053 173.3189334685454
1054 173.32181832359265
1055 173.32470313062294
1056 173.32758788963864
1057 173.33047260064217
1058 173.33335726363592
1059 173.33624187862227
1060 173.33912644560365
