1 2.5
2 4.0
3 5.5
4 7.0
5 8.5
6 10.0
7 11.5
8 13.0
9 14.5
10 16.0
11 17.5
12 19.0
13 20.5
14 22.0
15 23.5
16 25.0
17 26.5
18 28.0
19 29.5
20 31.0
21 32.5
22 34.0
23 35.5
24 37.0
25 38.5
26 40.0
27 41.5
28 43.0
29 44.5
30 46.0
31 47.5
32 49.0
33 50.5
34 52.0
35 53.5
36 55.0
37 56.5
38 58.0
39 59.5
40 61.0
41 62.5
42 64.0
43 65.5
44 67.0
45 68.5
46 70.0
47 71.5
48 73.0
49 74.5
50 76.0
51 77.5
52 79.0
53 80.5
54 82.0
55 83.5
56 85.0
57 86.5
58 88.0
59 89.5
60 91.0
61 92.5
62 94.0
63 95.5
64 97.0
65 98.5
66 100.0
67 101.5
68 103.0
69 104.5
70 106.0
71 107.5
72 109.0
73 110.5
74 112.0
75 113.5
76 115.0
77 116.5
78 118.0
79 119.5
80 121.0
81 122.5
82 124.0
83 125.5
84 127.0
85 128.5
86 130.0
87 131.5
88 133.0
89 134.5
90 136.0
91 137.5
92 139.0
93 140.5
94 142.0
95 143.5
96 145.0
97 146.5
98 148.0
99 149.5
100 151.0
101 152.5
102 154.0
103 155.5
104 157.0
105 158.5
106 160.0
107 161.5
108 163.0
109 164.5
110 166.0
111 167.5
112 169.0
113 170.5
114 172.0
115 173.5
116 175.0
117 176.5
118 178.0
119 179.5
120 181.0
121 182.5
122 184.0
123 185.5
124 187.0
125 188.5
126 190.0
127 191.5
128 193.0
129 57.9
130 59.4
131 60.9
132 62.4
133 18.72
134 20.22
135 21.72
136 23.22
137 24.72
138 26.22
139 27.72
140 29.22
141 30.72
142 32.22
143 33.72
144 35.22
145 36.72
146 38.22
147 39.72
148 41.22
149 42.72
150 44.22
151 45.72
152 47.22
153 48.72
154 50.22
155 51.72
156 53.22
157 15.966
158 17.466
159 18.966
160 20.466
161 21.966
162 23.466
163 24.966
164 26.466
165 27.966
166 29.466
167 30.966
168 32.466
169 33.966
170 35.466
171 36.966
172 38.466
173 39.966
174 41.466
175 42.966
176 44.466
177 45.966
178 47.466
179 48.966
180 50.466
181 51.966
182 53.466
183 54.966
184 56.466
185 57.966
186 59.466
187 60.966
188 62.466
189 63.966
190 65.46600000000001
191 66.96600000000001
192 68.46600000000001
193 69.96600000000001
194 71.46600000000001
195 72.96600000000001
196 74.46600000000001
197 75.96600000000001
198 77.46600000000001
199 78.96600000000001
200 80.46600000000001
201 80.47221380458828
202 80.47842712936662
203 80.48463997444617
204 80.490852339938
205 80.49706422595318
206 80.50327563260271
207 80.50948655999754
208 80.5156970082486
209 80.52190697746676
210 24.156572093240026
211 25.656572093240026
212 27.156572093240026
213 28.656572093240026
214 30.156572093240026
215 31.656572093240026
216 33.15657209324003
217 34.65657209324003
218 36.15657209324003
219 37.65657209324003
220 39.15657209324003
221 40.65657209324003
222 42.15657209324003
223 43.65657209324003
224 45.15657209324003
225 46.65657209324003
226 48.15657209324003
227 49.65657209324003
228 51.15657209324003
229 52.65657209324003
230 54.15657209324003
231 55.65657209324003
232 57.15657209324003
233 58.65657209324003
234 60.15657209324003
235 61.65657209324003
236 63.15657209324003
237 64.65657209324003
238 66.15657209324003
239 67.65657209324003
240 69.15657209324003
241 70.65657209324003
242 72.15657209324003
243 73.65657209324003
244 75.15657209324003
245 76.65657209324003
246 78.15657209324003
247 79.65657209324003
248 81.15657209324003
249 82.65657209324003
250 84.15657209324003
251 85.65657209324003
252 87.15657209324003
253 88.65657209324003
254 90.15657209324003
255 91.65657209324003
256 93.15657209324003
257 94.65657209324003
258 96.15657209324003
259 97.65657209324003
260 99.15657209324003
261 100.65657209324003
262 102.15657209324003
263 103.65657209324003
264 105.15657209324003
265 106.65657209324003
266 108.15657209324003
267 109.65657209324003
268 111.15657209324003
269 112.65657209324003
270 114.15657209324003
271 115.65657209324003
272 117.15657209324003
273 118.65657209324003
274 120.15657209324003
275 121.65657209324003
276 123.15657209324003
277 123.1606319659005
278 123.16469170473117
279 123.16875130974523
280 123.17281078095593
281 123.1768701183765
282 123.18092932202016
283 123.18498839190015
284 123.18904732802969
285 123.19310613042198
286 123.19716479909026
287 123.20122333404774
288 123.20528173530764
289 123.20934000288317
290 123.21339813678753
291 123.21745613703393
292 123.22151400363559
293 123.2255717366057
294 36.96767152098171
295 38.46767152098171
296 39.96767152098171
297 41.46767152098171
298 42.96767152098171
299 44.46767152098171
300 45.96767152098171
301 47.46767152098171
302 48.96767152098171
303 50.46767152098171
304 51.96767152098171
305 53.46767152098171
306 54.96767152098171
307 56.46767152098171
308 57.96767152098171
309 59.46767152098171
310 60.96767152098171
311 62.46767152098171
312 63.96767152098171
313 65.46767152098171
314 66.96767152098171
315 68.46767152098171
316 69.96767152098171
317 71.46767152098171
318 72.96767152098171
319 74.46767152098171
320 75.96767152098171
321 77.46767152098171
322 78.96767152098171
323 80.46767152098171
324 81.96767152098171
325 83.46767152098171
326 84.96767152098171
327 86.46767152098171
328 87.96767152098171
329 89.46767152098171
330 90.96767152098171
331 92.46767152098171
332 93.96767152098171
333 95.46767152098171
334 96.96767152098171
335 98.46767152098171
336 99.96767152098171
337 101.46767152098171
338 102.96767152098171
339 104.46767152098171
340 105.96767152098171
341 107.46767152098171
342 108.96767152098171
343 110.46767152098171
344 111.96767152098171
345 113.46767152098171
346 114.96767152098171
347 116.46767152098171
348 117.96767152098171
349 119.46767152098171
350 120.96767152098171
351 122.46767152098171
352 123.96767152098171
353 125.46767152098171
354 126.96767152098171
355 128.4676715209817
356 129.9676715209817
357 131.4676715209817
358 132.9676715209817
359 134.4676715209817
360 135.9676715209817
361 137.4676715209817
362 138.9676715209817
363 140.4676715209817
364 42.14030145629451
365 43.64030145629451
366 45.14030145629451
367 46.64030145629451
368 48.14030145629451
369 49.64030145629451
370 51.14030145629451
371 52.64030145629451
372 54.14030145629451
373 55.64030145629451
374 57.14030145629451
375 58.64030145629451
376 60.14030145629451
377 61.64030145629451
378 63.14030145629451
379 64.64030145629451
380 66.14030145629451
381 67.64030145629451
382 69.14030145629451
383 70.64030145629451
384 72.14030145629451
385 73.64030145629451
386 75.14030145629451
387 76.64030145629451
388 78.14030145629451
389 79.64030145629451
390 81.14030145629451
391 82.64030145629451
392 84.14030145629451
393 85.64030145629451
394 87.14030145629451
395 88.64030145629451
396 90.14030145629451
397 91.64030145629451
398 93.14030145629451
399 94.64030145629451
400 96.14030145629451
401 97.64030145629451
402 99.14030145629451
403 100.64030145629451
404 102.14030145629451
405 103.64030145629451
406 105.14030145629451
407 106.64030145629451
408 108.14030145629451
409 109.64030145629451
410 111.14030145629451
411 112.64030145629451
412 114.14030145629451
413 115.64030145629451
414 117.14030145629451
415 118.64030145629451
416 120.14030145629451
417 121.64030145629451
418 123.14030145629451
419 124.64030145629451
420 126.14030145629451
421 127.64030145629451
422 129.1403014562945
423 130.6403014562945
424 132.1403014562945
425 133.6403014562945
426 135.1403014562945
427 136.6403014562945
428 138.1403014562945
429 139.6403014562945
430 141.1403014562945
431 142.6403014562945
432 144.1403014562945
433 145.6403014562945
434 147.1403014562945
435 148.6403014562945
436 150.1403014562945
437 151.6403014562945
438 153.1403014562945
439 154.6403014562945
440 156.1403014562945
441 157.6403014562945
442 159.1403014562945
443 160.6403014562945
444 162.1403014562945
445 163.6403014562945
446 165.1403014562945
447 166.6403014562945
448 168.1403014562945
449 169.6403014562945
450 171.1403014562945
451 172.6403014562945
452 174.1403014562945
453 175.6403014562945
454 177.1403014562945
455 178.6403014562945
456 180.1403014562945
457 181.6403014562945
458 183.1403014562945
459 184.6403014562945
460 186.1403014562945
461 187.6403014562945
462 189.1403014562945
463 190.6403014562945
464 192.1403014562945
465 193.6403014562945
466 195.1403014562945
467 196.6403014562945
468 198.1403014562945
469 199.6403014562945
470 201.1403014562945
471 202.6403014562945
472 204.1403014562945
473 205.6403014562945
474 207.1403014562945
475 208.6403014562945
476 210.1403014562945
477 211.6403014562945
478 213.1403014562945
479 213.14264732892667
480 213.1449931757399
481 213.14733899673504
482 213.14968479191293
483 213.15203056127444
484 213.1543763048204
485 213.1567220225517
486 213.15906771446916
487 213.16141338057363
488 213.163759020866
489 213.16610463534707
490 213.16845022401773
491 213.1707957868788
492 213.1731413239312
493 213.1754868351757
494 213.17783232061316
495 213.1801777802445
496 213.1825232140705
497 213.18486862209204
498 213.18721400431
499 213.18955936072518
500 213.19190469133846
501 213.1942499961507
502 213.1965952751627
503 213.19894052837537
504 213.20128575578954
505 213.20363095740606
506 213.2059761332258
507 213.20832128324957
508 213.21066640747827
509 213.21301150591273
510 213.21535657855378
511 213.2177016254023
512 213.22004664645914
513 213.22239164172512
514 213.22473661120114
515 214.72473661120114
516 216.22473661120114
517 217.72473661120114
518 219.22473661120114
519 220.72473661120114
520 222.22473661120114
521 223.72473661120114
522 225.22473661120114
523 226.72473661120114
524 228.22473661120114
525 229.72473661120114
526 231.22473661120114
527 232.72473661120114
528 234.22473661120114
529 235.72473661120114
530 237.22473661120114
531 238.72473661120114
532 240.22473661120114
533 241.72473661120114
534 243.22473661120114
535 244.72473661120114
536 246.22473661120114
537 247.72473661120114
538 249.22473661120114
539 250.72473661120114
540 252.22473661120114
541 253.72473661120114
542 255.22473661120114
543 256.72473661120114
544 258.22473661120114
545 259.72473661120114
546 261.22473661120114
547 262.72473661120114
548 264.22473661120114
549 265.72473661120114
550 267.22473661120114
551 268.72473661120114
552 270.22473661120114
553 271.72473661120114
554 273.22473661120114
555 274.72473661120114
556 276.22473661120114
557 277.72473661120114
558 279.22473661120114
559 280.72473661120114
560 282.22473661120114
561 283.72473661120114
562 285.22473661120114
563 286.72473661120114
564 288.22473661120114
565 289.72473661120114
566 291.22473661120114
567 292.72473661120114
568 294.22473661120114
569 295.72473661120114
570 297.22473661120114
571 298.72473661120114
572 300.22473661120114
573 301.72473661120114
574 303.22473661120114
575 304.72473661120114
576 306.22473661120114
577 307.72473661120114
578 309.22473661120114
579 310.72473661120114
580 312.22473661120114
581 313.72473661120114
582 315.22473661120114
583 316.72473661120114
584 318.22473661120114
585 319.72473661120114
586 319.7263004564178
587 319.72786429398536
588 319.729428123904
589 319.73099194617373
590 319.73255576079475
591 319.73411956776715
592 319.73568336709104
593 319.73724715876654
594 319.7388109427937
595 319.7403747191727
596 319.7419384879036
597 319.7435022489866
598 319.7450660024217
599 319.7466297482091
600 319.7481934863489
601 319.74975721684115
602 319.751320939686
603 319.7528846548836
604 319.754448362434
605 319.75601206233733
606 319.75757575459374
607 319.7591394392033
608 319.76070311616616
609 319.7622667854824
610 319.7638304471521
611 319.76539410117545
612 319.7669577475525
613 319.7685213862834
614 319.7700850173683
615 319.7716486408072
616 319.7732122566003
617 319.77477586474765
618 319.77633946524946
619 319.7779030581058
620 319.7794666433167
621 319.78103022088237
622 319.7825937908029
623 319.78415735307834
624 319.7857209077089
625 319.7872844546946
626 319.7888479940356
627 319.79041152573205
628 319.791975049784
629 319.79353856619156
630 319.79510207495485
631 319.796665576074
632 319.79822906954917
633 319.7997925553804
634 319.8013560335678
635 319.8029195041115
636 319.80448296701167
637 319.8060464222683
638 319.8076098698816
639 319.8091733098517
640 319.8107367421786
641 319.81230016686254
642 319.8138635839035
643 319.81542699330174
644 319.81699039505725
645 319.81855378917015
646 319.82011717564063
647 319.82168055446874
648 319.82324392565465
649 319.8248072891984
650 319.82637064510016
651 319.82793399336
652 319.82949733397805
653 319.83106066695444
654 319.83262399228926
655 319.8341873099826
656 319.8357506200346
657 319.8373139224454
658 319.83887721721504
659 319.8404405043437
660 319.84200378383144
661 319.8435670556784
662 319.84513031988473
663 319.8466935764505
664 319.8482568253758
665 319.8498200666608
666 319.8513833003056
667 319.85294652631023
668 319.8545097446749
669 319.85607295539967
670 319.8576361584847
671 319.85919935393
672 319.8607625417358
673 319.86232572190215
674 319.8638888944292
675 319.865452059317
676 319.86701521656573
677 319.8685783661755
678 319.87014150814633
679 319.8717046424784
680 319.87326776917183
681 319.8748308882267
682 319.8763939996432
683 319.87795710342135
684 319.8795201995613
685 319.8810832880631
686 319.882646368927
687 319.884209442153
688 95.9652628326459
689 97.4652628326459
690 98.9652628326459
691 100.4652628326459
692 101.9652628326459
693 103.4652628326459
694 104.9652628326459
695 106.4652628326459
696 107.9652628326459
697 109.4652628326459
698 110.9652628326459
699 112.4652628326459
700 113.9652628326459
701 115.4652628326459
702 116.9652628326459
703 118.4652628326459
704 119.9652628326459
705 121.4652628326459
706 122.9652628326459
707 124.4652628326459
708 125.9652628326459
709 127.4652628326459
710 128.96526283264592
711 130.46526283264592
712 131.96526283264592
713 133.46526283264592
714 134.96526283264592
715 136.46526283264592
716 137.96526283264592
717 139.46526283264592
718 140.96526283264592
719 142.46526283264592
720 143.96526283264592
721 145.46526283264592
722 146.96526283264592
723 148.46526283264592
724 149.96526283264592
725 151.46526283264592
726 152.96526283264592
727 154.46526283264592
728 155.96526283264592
729 157.46526283264592
730 158.96526283264592
731 160.46526283264592
732 161.96526283264592
733 163.46526283264592
734 164.96526283264592
735 166.46526283264592
736 167.96526283264592
737 169.46526283264592
738 170.96526283264592
739 172.46526283264592
740 173.96526283264592
741 175.46526283264592
742 176.96526283264592
743 178.46526283264592
744 179.96526283264592
745 181.46526283264592
746 182.96526283264592
747 184.46526283264592
748 185.96526283264592
749 187.46526283264592
750 188.96526283264592
751 190.46526283264592
752 191.96526283264592
753 193.46526283264592
754 194.96526283264592
755 196.46526283264592
756 197.96526283264592
757 199.46526283264592
758 200.96526283264592
759 202.46526283264592
760 203.96526283264592
761 205.46526283264592
762 206.96526283264592
763 208.46526283264592
764 209.96526283264592
765 211.46526283264592
766 212.96526283264592
767 214.46526283264592
768 215.96526283264592
769 217.46526283264592
770 218.96526283264592
771 220.46526283264592
772 221.96526283264592
773 223.46526283264592
774 224.96526283264592
775 226.46526283264592
776 227.96526283264592
777 229.46526283264592
778 230.96526283264592
779 232.46526283264592
780 233.96526283264592
781 235.46526283264592
782 236.96526283264592
783 238.46526283264592
784 239.96526283264592
785 241.46526283264592
786 242.96526283264592
787 244.46526283264592
788 245.96526283264592
789 247.46526283264592
790 248.96526283264592
791 250.46526283264592
792 251.96526283264592
793 253.46526283264592
794 254.96526283264592
795 256.4652628326459
796 257.9652628326459
797 259.4652628326459
798 260.9652628326459
799 262.4652628326459
800 263.9652628326459
801 265.4652628326459
802 266.9652628326459
803 268.4652628326459
804 269.9652628326459
805 271.4652628326459
806 272.9652628326459
807 274.4652628326459
808 275.9652628326459
809 277.4652628326459
810 278.9652628326459
811 280.4652628326459
812 281.9652628326459
813 283.4652628326459
814 284.9652628326459
815 286.4652628326459
816 287.9652628326459
817 289.4652628326459
818 290.9652628326459
819 292.4652628326459
820 293.9652628326459
821 295.4652628326459
822 296.9652628326459
823 298.4652628326459
824 299.9652628326459
825 301.4652628326459
826 302.9652628326459
827 304.4652628326459
828 305.9652628326459
829 307.4652628326459
830 308.9652628326459
831 310.4652628326459
832 311.9652628326459
833 313.4652628326459
834 314.9652628326459
835 316.4652628326459
836 317.9652628326459
837 319.4652628326459
838 320.9652628326459
839 322.4652628326459
840 323.9652628326459
841 325.4652628326459
842 326.9652628326459
843 328.4652628326459
844 329.9652628326459
845 331.4652628326459
846 332.9652628326459
847 334.4652628326459
848 335.9652628326459
849 337.4652628326459
850 338.9652628326459
851 340.4652628326459
852 341.9652628326459
853 343.4652628326459
854 344.9652628326459
855 346.4652628326459
856 347.9652628326459
857 349.4652628326459
858 350.9652628326459
859 352.4652628326459
860 353.9652628326459
861 355.4652628326459
862 356.9652628326459
863 358.4652628326459
864 359.9652628326459
865 361.4652628326459
866 362.9652628326459
867 364.4652628326459
868 365.9652628326459
869 367.4652628326459
870 368.9652628326459
871 370.4652628326459
872 371.9652628326459
873 373.4652628326459
874 374.9652628326459
875 376.4652628326459
876 377.9652628326459
877 379.4652628326459
878 380.9652628326459
879 382.4652628326459
880 383.9652628326459
881 385.4652628326459
882 386.9652628326459
883 388.4652628326459
884 389.9652628326459
885 391.4652628326459
886 392.9652628326459
887 394.4652628326459
888 395.9652628326459
889 397.4652628326459
890 398.9652628326459
891 400.4652628326459
892 401.9652628326459
893 403.4652628326459
894 404.9652628326459
895 406.4652628326459
896 407.9652628326459
897 409.4652628326459
898 410.9652628326459
899 412.4652628326459
900 413.9652628326459
901 415.4652628326459
902 416.9652628326459
903 418.4652628326459
904 419.9652628326459
905 421.4652628326459
906 422.9652628326459
907 424.4652628326459
908 425.9652628326459
909 427.4652628326459
910 428.9652628326459
911 430.4652628326459
912 431.9652628326459
913 433.4652628326459
914 434.9652628326459
915 436.4652628326459
916 437.9652628326459
917 439.4652628326459
918 440.9652628326459
919 442.4652628326459
920 443.9652628326459
921 445.4652628326459
922 446.9652628326459
923 448.4652628326459
924 449.9652628326459
925 451.4652628326459
926 452.9652628326459
927 454.4652628326459
928 455.9652628326459
929 457.4652628326459
930 458.9652628326459
931 460.4652628326459
932 461.9652628326459
933 463.4652628326459
934 464.9652628326459
935 466.4652628326459
936 467.9652628326459
937 469.4652628326459
938 470.9652628326459
939 472.4652628326459
940 473.9652628326459
941 475.4652628326459
942 476.9652628326459
943 478.4652628326459
944 479.9652628326459
945 479.9663045747025
946 479.96734631449806
947 479.9683880520326
948 479.96942978730607
949 479.9704715203186
950 143.99114145609556
951 145.49114145609556
952 146.99114145609556
953 148.49114145609556
954 149.99114145609556
955 151.49114145609556
956 152.99114145609556
957 154.49114145609556
958 155.99114145609556
959 157.49114145609556
960 158.99114145609556
961 160.49114145609556
962 161.99114145609556
963 163.49114145609556
964 164.99114145609556
965 166.49114145609556
966 167.99114145609556
967 169.49114145609556
968 170.99114145609556
969 172.49114145609556
970 173.99114145609556
971 175.49114145609556
972 176.99114145609556
973 53.09734243682867
974 54.59734243682867
975 56.09734243682867
976 57.59734243682867
977 59.09734243682867
978 60.59734243682867
979 62.09734243682867
980 63.59734243682867
981 65.09734243682867
982 66.59734243682867
983 68.09734243682867
984 69.59734243682867
985 71.09734243682867
986 72.59734243682867
987 74.09734243682867
988 75.59734243682867
989 77.09734243682867
990 78.59734243682867
991 80.09734243682867
992 81.59734243682867
993 83.09734243682867
994 84.59734243682867
995 86.09734243682867
996 87.59734243682867
997 89.09734243682867
998 90.59734243682867
999 92.09734243682867
1000 93.59734243682867
1001 95.09734243682867
1002 96.59734243682867
1003 98.09734243682867
1004 99.59734243682867
1005 101.09734243682867
1006 102.59734243682867
1007 104.09734243682867
1008 105.59734243682867
1009 107.09734243682867
1010 108.59734243682867
1011 110.09734243682867
1012 111.59734243682867
1013 113.09734243682867
1014 114.59734243682867
1015 116.09734243682867
1016 117.59734243682867
1017 119.09734243682867
1018 120.59734243682867
1019 122.09734243682867
1020 123.59734243682867
1021 125.09734243682867
1022 126.59734243682867
1023 128.09734243682868
1024 129.59734243682868
1025 131.09734243682868
1026 132.59734243682868
1027 134.09734243682868
