1 2.5
2 4.0
3 5.5
4 7.0
5 8.5
6 10.0
7 11.5
8 13.0
9 14.5
10 16.0
11 17.5
12 19.0
13 20.5
14 22.0
15 23.5
16 25.0
17 26.5
18 28.0
19 29.5
20 31.0
21 32.5
22 34.0
23 35.5
24 37.0
25 38.5
26 40.0
27 41.5
28 43.0
29 44.5
30 46.0
31 47.5
32 49.0
33 50.5
34 52.0
35 53.5
36 55.0
37 56.5
38 58.0
39 5.800000000000001
40 7.300000000000001
41 8.8
42 10.3
43 11.8
44 13.3
45 14.8
46 16.3
47 17.8
48 19.3
49 20.8
50 22.3
51 23.8
52 25.3
53 26.8
54 28.3
55 29.8
56 31.3
57 32.8
58 34.3
59 35.8
60 37.3
61 38.8
62 40.3
63 41.8
64 43.3
65 44.8
66 46.3
67 47.8
68 49.3
69 50.8
70 52.3
71 53.8
72 55.3
73 56.8
74 58.3
75 5.83
76 7.33
77 8.83
78 10.33
79 11.83
80 13.33
81 14.83
82 16.33
83 17.83
84 19.33
85 20.83
86 22.33
87 23.83
88 25.33
89 26.83
90 28.33
91 29.83
92 31.33
93 32.83
94 34.33
95 35.83
96 37.33
97 38.83
98 40.33
99 4.033
100 5.533
101 7.033
102 8.533000000000001
103 10.033000000000001
104 11.533000000000001
105 13.033000000000001
106 14.533000000000001
107 16.033
108 17.533
109 19.033
110 20.533
111 22.033
112 23.533
113 25.033
114 26.533
115 28.033
116 29.533
117 31.033
118 32.533
119 3.2533000000000003
120 4.7533
121 6.2533
122 7.7533
123 9.2533
124 10.7533
125 12.2533
126 13.7533
127 15.2533
128 16.7533
129 18.2533
130 19.7533
131 21.2533
132 22.7533
133 24.2533
134 25.7533
135 27.2533
136 28.7533
137 30.2533
138 31.7533
139 33.253299999999996
140 34.753299999999996
141 36.253299999999996
142 37.753299999999996
143 39.253299999999996
144 40.753299999999996
145 42.253299999999996
146 43.753299999999996
147 45.253299999999996
148 46.753299999999996
149 48.253299999999996
150 49.753299999999996
151 49.77339916930133
152 49.793490222287254
153 49.81357316878359
154 49.83364801859635
155 49.853714781511776
156 49.87377346729643
157 49.89382408569722
158 49.913866646441456
159 51.413866646441456
160 52.913866646441456
161 54.413866646441456
162 55.913866646441456
163 57.413866646441456
164 58.913866646441456
165 60.413866646441456
166 61.913866646441456
167 63.413866646441456
168 64.91386664644145
169 66.41386664644145
170 67.91386664644145
171 69.41386664644145
172 70.91386664644145
173 72.41386664644145
174 73.91386664644145
175 75.41386664644145
176 75.42712680726423
177 75.4403846369381
178 75.45364013669214
179 75.46689330775438
180 75.48014415135174
181 75.49339266871009
182 75.50663886105421
183 75.51988272960782
184 75.53312427559354
185 75.54636350023293
186 75.5596004047465
187 75.57283499035367
188 75.58606725827279
189 75.59929720972116
190 75.61252484591499
191 75.62575016806946
192 75.63897317739865
193 75.65219387511561
194 75.66541226243233
195 75.6786283405597
196 75.6918421107076
197 75.70505357408481
198 75.71826273189912
199 75.73146958535719
200 75.74467413566468
201 75.75787638402618
202 75.77107633164523
203 75.78427397972433
204 75.79746932946493
205 75.81066238206743
206 75.8238531387312
207 75.83704160065452
208 75.85022776903469
209 77.35022776903469
210 78.85022776903469
211 80.35022776903469
212 81.85022776903469
213 83.35022776903469
214 84.85022776903469
215 86.35022776903469
216 87.85022776903469
217 89.35022776903469
218 90.85022776903469
219 92.35022776903469
220 93.85022776903469
221 95.35022776903469
222 96.85022776903469
223 98.35022776903469
224 99.85022776903469
225 101.35022776903469
226 101.36009454508455
227 101.36996036066502
228 101.37982521605652
229 101.38968911153935
230 101.39955204739371
231 101.40941402389961
232 101.41927504133696
233 101.4291350999855
234 101.43899420012487
235 101.44885234203454
236 101.45870952599388
237 101.46856575228212
238 101.4784210211783
239 101.48827533296141
240 101.49812868791024
241 101.50798108630346
242 101.51783252841962
243 101.52768301453712
244 101.53753254493422
245 101.54738111988908
246 101.55722873967969
247 101.5670754045839
248 101.57692111487945
249 101.58676587084395
250 101.59660967275484
251 101.60645252088945
252 101.61629441552498
253 101.62613535693848
254 101.63597534540688
255 101.64581438120696
256 101.65565246461539
257 101.66548959590868
258 101.67532577536323
259 101.68516100325529
260 101.69499527986098
261 101.70482860545629
262 101.71466098031706
263 101.72449240471903
264 101.73432287893777
265 101.74415240324876
266 101.7539809779273
267 101.76380860324858
268 101.77363527948766
269 101.78346100691947
270 101.79328578581878
271 101.80310961646026
272 101.81293249911843
273 101.82275443406769
274 101.83257542158229
275 101.84239546193638
276 101.85221455540393
277 101.86203270225882
278 101.87184990277476
279 101.88166615722537
280 101.89148146588411
281 101.90129582902432
282 101.9111092469192
283 101.92092171984181
284 101.93073324806512
285 103.43073324806512
286 104.93073324806512
287 106.43073324806512
288 107.93073324806512
289 109.43073324806512
290 110.93073324806512
291 112.43073324806512
292 113.93073324806512
293 115.43073324806512
294 116.93073324806512
295 118.43073324806512
296 119.93073324806512
297 121.43073324806512
298 122.93073324806512
299 124.43073324806512
300 125.93073324806512
301 127.43073324806512
302 127.43858064856664
303 127.4464275658417
304 127.45427399997955
305 127.46211995106943
306 127.46996541920053
307 127.47781040446205
308 127.48565490694313
309 127.49349892673288
310 127.50134246392041
311 127.50918551859478
312 127.51702809084503
313 127.52487018076017
314 127.5327117884292
315 127.54055291394106
316 127.54839355738467
317 127.55623371884896
318 127.56407339842279
319 127.571912596195
320 127.57975131225443
321 127.58758954668987
322 127.59542729959007
323 127.6032645710438
324 127.61110136113973
325 127.61893766996658
326 127.626773497613
327 127.6346088441676
328 127.642443709719
329 127.65027809435578
330 127.65811199816648
331 127.66594542123961
332 127.67377836366369
333 127.68161082552717
334 127.68944280691849
335 127.69727430792608
336 127.70510532863831
337 127.71293586914354
338 127.72076592953009
339 127.72859550988629
340 127.7364246103004
341 127.74425323086068
342 127.75208137165534
343 127.75990903277258
344 127.76773621430058
345 127.77556291632747
346 127.78338913894137
347 127.79121488223038
348 127.79904014628254
349 127.80686493118588
350 127.81468923702845
351 127.82251306389819
352 127.83033641188305
353 127.83815928107099
354 127.84598167154988
355 127.85380358340761
356 127.86162501673202
357 127.86944597161093
358 127.87726644813213
359 127.8850864463834
360 127.89290596645245
361 127.900725008427
362 127.90854357239475
363 127.91636165844335
364 127.92417926666043
365 127.9319963971336
366 127.93981304995043
367 127.94762922519847
368 127.95544492296524
369 127.96326014333826
370 127.97107488640498
371 127.97888915225285
372 127.98670294096928
373 127.99451625264167
374 128.0023290873574
375 128.01014144520377
376 128.01795332626813
377 128.02576473063772
378 128.03357565839983
379 128.04138610964168
380 128.04919608445047
381 128.0570055829134
382 128.0648146051176
383 128.0726231511502
384 128.08043122109828
385 128.08823881504895
386 128.09604593308921
387 129.59604593308921
388 131.09604593308921
389 132.59604593308921
390 134.09604593308921
391 135.59604593308921
392 137.09604593308921
393 138.59604593308921
394 140.09604593308921
395 141.59604593308921
396 143.09604593308921
397 144.59604593308921
398 146.09604593308921
399 147.59604593308921
400 149.09604593308921
401 150.59604593308921
402 152.09604593308921
403 153.59604593308921
404 153.6025565173554
405 153.60906682566454
406 153.61557685805172
407 153.62208661455202
408 153.62859609520052
409 153.63510530003228
410 153.64161422908236
411 153.64812288238582
412 153.6546312599777
413 153.661139361893
414 153.6676471881668
415 153.6741547388341
416 153.6806620139299
417 153.6871690134892
418 153.69367573754704
419 153.70018218613836
420 153.7066883592982
421 153.7131942570615
422 153.71969987946323
423 153.72620522653835
424 153.73271029832182
425 153.7392150948486
426 153.7457196161536
427 153.75222386227176
428 153.75872783323803
429 153.76523152908732
430 153.7717349498545
431 153.77823809557452
432 153.78474096628227
433 153.79124356201262
434 153.79774588280046
435 153.80424792868064
436 153.81074969968805
437 153.81725119585755
438 153.82375241722397
439 153.83025336382218
440 153.836754035687
441 153.84325443285326
442 153.8497545553558
443 153.85625440322937
444 153.86275397650886
445 153.86925327522903
446 153.87575229942468
447 153.88225104913056
448 153.8887495243815
449 153.89524772521224
450 153.90174565165754
451 153.90824330375216
452 153.91474068153084
453 153.92123778502835
454 153.92773461427942
455 153.93423116931874
456 153.94072745018104
457 153.94722345690104
458 153.95371918951346
459 153.96021464805298
460 153.9667098325543
461 153.9732047430521
462 153.979699379581
463 153.98619374217574
464 153.99268783087095
465 153.9991816457013
466 154.0056751867014
467 154.01216845390593
468 154.0186614473495
469 154.02515416706672
470 154.03164661309222
471 154.0381387854606
472 154.04463068420648
473 154.05112230936444
474 154.05761366096908
475 154.06410473905498
476 154.0705955436567
477 154.07708607480882
478 154.08357633254587
479 154.09006631690244
480 154.09655602791304
481 154.1030454656122
482 154.1095346300345
483 154.1160235212144
484 154.12251213918645
485 154.12900048398515
486 154.135488555645
487 154.1419763542005
488 154.1484638796861
489 154.1549511321363
490 154.16143811158557
491 154.1679248180684
492 154.1744112516192
493 154.18089741227246
494 154.1873833000626
495 154.19386891502407
496 154.2003542571913
497 154.20683932659867
498 154.21332412328061
499 154.21980864727155
500 154.22629289860586
501 154.23277687731795
502 154.2392605834422
503 154.24574401701298
504 154.25222717806466
505 154.2587100666316
506 154.2651926827482
507 154.27167502644875
508 154.2781570977676
509 154.2846388967391
510 154.29112042339756
511 154.2976016777773
512 154.30408265991264
513 154.3105633698379
514 154.31704380758734
515 154.32352397319528
516 155.82352397319528
517 157.32352397319528
518 158.82352397319528
519 160.32352397319528
520 161.82352397319528
521 163.32352397319528
522 164.82352397319528
523 166.32352397319528
524 167.82352397319528
525 169.32352397319528
526 170.82352397319528
527 172.32352397319528
528 173.82352397319528
529 175.32352397319528
530 176.82352397319528
531 178.32352397319528
532 179.82352397319528
533 179.8290849808872
534 179.83464581661133
535 179.84020648038364
536 179.8457669722201
537 179.85132729213663
538 179.8568874401492
539 179.86244741627374
540 179.86800722052618
541 17.986800722052617
542 19.486800722052617
543 20.986800722052617
544 22.486800722052617
545 23.986800722052617
546 25.486800722052617
547 26.986800722052617
548 28.486800722052617
549 29.986800722052617
550 31.486800722052617
551 32.98680072205262
552 34.48680072205262
553 35.98680072205262
554 37.48680072205262
555 38.98680072205262
556 40.48680072205262
557 41.98680072205262
558 43.48680072205262
559 44.98680072205262
560 46.48680072205262
561 47.98680072205262
562 49.48680072205262
563 50.98680072205262
564 52.48680072205262
565 53.98680072205262
566 55.48680072205262
567 56.98680072205262
568 58.48680072205262
569 59.98680072205262
570 61.48680072205262
571 62.98680072205262
572 64.48680072205262
573 65.98680072205262
574 67.48680072205262
575 68.98680072205262
576 70.48680072205262
577 71.98680072205262
578 73.48680072205262
579 74.98680072205262
580 76.48680072205262
581 77.98680072205262
582 7.798680072205262
583 9.298680072205261
584 10.798680072205261
585 12.298680072205261
586 1.2298680072205261
587 2.729868007220526
588 4.229868007220526
589 5.729868007220526
590 7.229868007220526
591 8.729868007220526
592 10.229868007220526
593 11.729868007220526
594 13.229868007220526
595 14.729868007220526
596 16.229868007220524
597 17.729868007220524
598 19.229868007220524
599 20.729868007220524
600 22.229868007220524
601 22.27485252983106
602 22.31974620527339
603 22.36454958210407
604 22.409263203379062
605 22.453887606730675
606 23.953887606730675
607 25.453887606730675
608 26.953887606730675
609 28.453887606730675
610 29.953887606730675
611 31.453887606730675
612 32.953887606730675
613 32.98423304008087
614 33.01455055568855
615 33.04484023048855
616 33.07510214106294
617 33.10533636364327
618 33.135542974112816
619 33.165722048008824
620 33.195873660524676
621 33.22599788651211
622 33.25609480048338
623 33.28616447661341
624 33.31620698874191
625 33.34622241037553
626 33.37621081468993
627 33.406172274531855
628 33.43610686242124
629 34.93610686242124
630 36.43610686242124
631 37.93610686242124
632 39.43610686242124
633 40.93610686242124
634 42.43610686242124
635 43.93610686242124
636 43.95886718579562
637 43.981615724691615
638 44.00435249739819
639 44.02707752215702
640 44.04979081716273
641 44.07249240056299
642 44.095182290458744
643 44.11786050490433
644 44.140527061907676
645 44.16318197943047
646 44.185825275388304
647 44.20845696765087
648 44.23107707404209
649 44.25368561234031
650 44.27628260027845
651 44.29886805554415
652 44.32144199577996
653 44.3440044385835
654 44.36655540150758
655 44.38909490206043
656 44.411622957705774
657 44.43413958586306
658 44.456644803907565
659 44.4791386291706
660 44.50162107893963
661 44.52409217045843
662 44.54655192092727
663 46.04655192092727
664 47.54655192092727
665 49.04655192092727
666 50.54655192092727
667 52.04655192092727
668 53.54655192092727
669 55.04655192092727
670 55.06471836305859
671 55.082878811885486
672 55.101033273336476
673 55.119181753330295
674 55.13732425777594
675 55.15546079257267
676 55.173591363610065
677 55.19171597676801
678 55.20983463791674
679 55.22794735291686
680 55.246054127619345
681 55.2641549678656
682 55.28224987948745
683 55.30033886830719
684 55.318421940137576
685 55.33649910078186
686 55.35457035603382
687 55.37263571167777
688 55.3906951734886
689 55.40874874723177
690 55.42679643866335
691 55.444838253530044
692 55.462874197569185
693 55.480904276508795
694 55.498928496067585
695 55.51694686195497
696 55.534959379871104
697 55.55296605550689
698 55.570966894544014
699 55.58896190265495
700 55.606951085503
701 55.62493444874229
702 55.64291199801781
703 55.66088373896544
704 55.67884967721194
705 55.69680981837501
706 55.714764168063276
707 55.73271273187633
708 57.23271273187633
709 58.73271273187633
710 60.23271273187633
711 61.73271273187633
712 63.23271273187633
713 64.73271273187633
714 66.23271273187633
715 66.24781101124242
716 66.26290584961875
717 66.27799724935707
718 66.2930852128065
719 66.30816974231347
720 66.3232508402217
721 66.33832850887231
722 66.3534027506037
723 66.36847356775168
724 66.38354096264933
725 66.39860493762714
726 66.41366549501294
727 66.4287226371319
728 66.4437763663066
729 66.45882668485693
730 66.4738735951002
731 66.48891709935107
732 66.5039571999216
733 66.51899389912123
734 66.53402719925677
735 66.54905710263246
736 66.5640836115499
737 66.57910672830812
738 66.59412645520354
739 66.60914279452999
740 66.62415574857873
741 66.63916531963842
742 66.65417150999515
743 66.66917432193243
744 66.68417375773122
745 66.69916981966989
746 66.71416251002427
747 66.7291518310676
748 66.7441377850706
749 66.75912037430145
750 66.77409960102572
751 6.6774099601025725
752 8.177409960102572
753 9.677409960102572
754 11.177409960102572
755 12.677409960102572
756 14.177409960102572
757 15.677409960102572
758 17.177409960102572
759 18.677409960102572
760 20.177409960102572
761 21.677409960102572
762 23.177409960102572
763 24.677409960102572
764 26.177409960102572
765 27.677409960102572
766 29.177409960102572
767 30.677409960102572
768 32.17740996010257
769 33.67740996010257
770 35.17740996010257
771 36.67740996010257
772 38.17740996010257
773 39.67740996010257
774 41.17740996010257
775 42.67740996010257
776 44.17740996010257
777 45.67740996010257
778 4.567740996010257
779 6.067740996010257
780 7.567740996010257
781 1.0
782 2.5
783 4.0
784 5.5
785 7.0
786 8.5
787 10.0
788 11.5
789 13.0
790 13.076923076923077
791 13.15339366515837
792 1.315339366515837
793 2.815339366515837
794 4.315339366515837
795 5.815339366515837
796 7.315339366515837
797 8.815339366515836
798 10.315339366515836
799 11.815339366515836
800 13.315339366515836
801 14.815339366515836
802 16.315339366515836
803 17.815339366515836
804 19.315339366515836
805 20.815339366515836
806 22.315339366515836
807 22.360151591128496
808 22.404874007071182
809 22.449507152505717
810 22.494051560238443
811 22.538507757794584
812 24.038507757794584
813 25.538507757794584
814 27.038507757794584
815 28.538507757794584
816 30.038507757794584
817 31.538507757794584
818 33.038507757794584
819 33.0687754686528
820 33.0990154756028
821 33.12922785460051
822 33.159412681255354
823 33.189570030832456
824 33.21969997825482
825 33.24980259810553
826 33.279877964629875
827 33.3099261517375
828 33.33994723300453
829 33.36994128167567
830 33.3999083706663
831 33.42984857256453
832 33.459761959633255
833 33.489648603812206
834 33.51950857671996
835 35.01950857671996
836 36.51950857671996
837 38.01950857671996
838 39.51950857671996
839 41.01950857671996
840 42.51950857671996
841 44.01950857671996
842 44.04222577716887
843 44.06493125997211
844 44.08762504324617
845 44.11030714506089
846 44.13297758343964
847 44.1556363763595
848 44.178283541751405
849 44.200919097500304
850 44.223543061445355
851 44.24615545138007
852 44.268756285052476
853 44.291345580165284
854 44.31392335437605
855 44.33648962529734
856 44.35904441049688
857 44.38158772749772
858 44.40411959377839
859 44.42664002677308
860 44.44914904387177
861 44.4716466624204
862 44.49413289972101
863 44.51660777303192
864 44.53907129956787
865 44.56152349650018
866 44.58396438095689
867 44.606393970022935
868 4.460639397002294
869 5.960639397002294
870 7.460639397002294
871 8.960639397002293
872 10.460639397002293
873 11.960639397002293
874 13.460639397002293
875 14.960639397002293
876 16.460639397002293
877 17.960639397002293
878 19.460639397002293
879 20.960639397002293
880 22.460639397002293
881 23.960639397002293
882 25.460639397002293
883 26.960639397002293
884 28.460639397002293
885 29.960639397002293
886 31.460639397002293
887 32.960639397002296
888 34.460639397002296
889 35.960639397002296
890 37.460639397002296
891 38.960639397002296
892 40.460639397002296
893 41.960639397002296
894 43.460639397002296
895 44.960639397002296
896 46.460639397002296
897 47.960639397002296
898 49.460639397002296
899 50.960639397002296
900 52.460639397002296
901 53.960639397002296
902 55.460639397002296
903 56.960639397002296
904 58.460639397002296
905 59.960639397002296
906 61.460639397002296
907 62.960639397002296
908 64.4606393970023
909 64.47615273986322
910 64.4916623501223
911 64.5071682304727
912 64.52267038360438
913 64.53816881220405
914 64.55366351895518
915 64.56915450653803
916 66.06915450653803
917 67.56915450653803
918 69.06915450653803
919 70.56915450653803
920 72.06915450653803
921 73.56915450653803
922 75.06915450653803
923 76.56915450653803
924 78.06915450653803
925 79.56915450653803
926 81.06915450653803
927 82.56915450653803
928 84.06915450653803
929 85.56915450653803
930 87.06915450653803
931 88.56915450653803
932 90.06915450653803
933 91.56915450653803
934 93.06915450653803
935 94.56915450653803
936 96.06915450653803
937 97.56915450653803
938 99.06915450653803
939 99.07924846570202
940 99.08934139651736
941 99.09943329929828
942 99.10952417435888
943 99.11961402201308
944 99.12970284257464
945 99.13979063635718
946 99.14987740367413
947 99.15996314483877
948 99.17004786016425
949 99.1801315499635
950 99.19021421454937
951 99.20029585423448
952 99.21037646933134
953 99.22045606015226
954 99.23053462700942
955 99.24061217021483
956 99.25068869008035
957 99.26076418691768
958 99.27083866103837
959 99.28091211275378
960 99.29098454237514
961 99.30105595021351
962 99.3111263365798
963 99.32119570178477
964 99.33126404613901
965 99.34133136995295
966 9.934133136995296
967 11.434133136995296
968 12.934133136995296
969 14.434133136995296
970 15.934133136995296
971 17.434133136995296
972 18.934133136995296
973 20.434133136995296
974 21.934133136995296
975 23.434133136995296
976 24.934133136995296
977 26.434133136995296
978 27.934133136995296
979 29.434133136995296
980 30.934133136995296
981 32.4341331369953
982 33.9341331369953
983 35.4341331369953
984 36.9341331369953
985 38.4341331369953
986 39.9341331369953
987 41.4341331369953
988 42.9341331369953
989 44.4341331369953
990 45.9341331369953
991 47.4341331369953
992 48.9341331369953
993 50.4341331369953
994 51.9341331369953
995 53.4341331369953
996 54.9341331369953
997 56.4341331369953
998 57.9341331369953
999 59.4341331369953
1000 60.9341331369953
1001 62.4341331369953
1002 63.9341331369953
1003 65.4341331369953
1004 66.9341331369953
1005 68.4341331369953
1006 69.9341331369953
1007 71.4341331369953
1008 72.9341331369953
1009 74.4341331369953
1010 75.9341331369953
1011 77.4341331369953
1012 78.9341331369953
1013 80.4341331369953
1014 81.9341331369953
1015 83.4341331369953
1016 84.9341331369953
1017 86.4341331369953
1018 87.9341331369953
1019 89.4341331369953
1020 90.9341331369953
1021 92.4341331369953
1022 93.9341331369953
1023 95.4341331369953
1024 96.9341331369953
1025 98.4341331369953
1026 99.9341331369953
1027 101.4341331369953
1028 102.9341331369953
1029 104.4341331369953
1030 105.9341331369953
1031 107.4341331369953
1032 108.9341331369953
1033 110.4341331369953
1034 111.9341331369953
1035 113.4341331369953
1036 114.9341331369953
1037 116.4341331369953
1038 117.9341331369953
1039 119.4341331369953
1040 120.9341331369953
1041 122.4341331369953
1042 123.9341331369953
1043 125.4341331369953
1044 126.9341331369953
1045 128.43413313699529
1046 129.93413313699529
1047 131.43413313699529
1048 132.93413313699529
1049 134.43413313699529
1050 135.93413313699529
1051 137.43413313699529
1052 137.44140934980484
1053 137.44868517740827
1054 137.45596061986674
1055 137.4632356772414
1056 137.47051034959344
1057 137.47778463698393
1058 137.48505853947398
1059 137.4923320571247
1060 137.4996051899972
1061 137.50687793815248
1062 137.51415030165163
1063 137.52142228055567
1064 137.5286938749256
