1 2.0
2 3.0
3 4.0
4 5.0
5 6.0
6 7.0
7 8.0
8 9.0
9 10.0
10 11.0
11 12.0
12 13.0
13 14.0
14 15.0
15 16.0
16 17.0
17 18.0
18 19.0
19 20.0
20 21.0
21 22.0
22 23.0
23 24.0
24 25.0
25 26.0
26 27.0
27 28.0
28 29.0
29 30.0
30 31.0
31 32.0
32 33.0
33 34.0
34 35.0
35 36.0
36 37.0
37 38.0
38 39.0
39 40.0
40 41.0
41 42.0
42 43.0
43 44.0
44 45.0
45 46.0
46 47.0
47 48.0
48 49.0
49 50.0
50 51.0
51 52.0
52 53.0
53 54.0
54 55.0
55 56.0
56 57.0
57 58.0
58 5.800000000000001
59 6.800000000000001
60 7.800000000000001
61 8.8
62 9.8
63 10.8
64 11.8
65 12.8
66 13.8
67 14.8
68 15.8
69 16.8
70 17.8
71 18.8
72 19.8
73 20.8
74 21.8
75 22.8
76 23.8
77 24.8
78 25.8
79 2.58
80 3.58
81 4.58
82 5.58
83 6.58
84 7.58
85 8.58
86 9.58
87 10.58
88 1.058
89 2.058
90 3.058
91 4.058
92 5.058
93 6.058
94 7.058
95 8.058
96 9.058
97 10.058
98 11.058
99 12.058
100 13.058
101 13.096290703017306
102 13.13446945235469
103 14.13446945235469
104 15.13446945235469
105 16.13446945235469
106 17.13446945235469
107 18.13446945235469
108 19.13446945235469
109 19.160600304910858
110 19.186695520720555
111 19.212755245255195
112 19.23877962299891
113 19.26476879745789
114 19.290722911169652
115 19.31664210571215
116 19.342526521712802
117 20.342526521712802
118 21.342526521712802
119 22.342526521712802
120 23.342526521712802
121 24.342526521712802
122 25.342526521712802
123 25.362256204133047
124 25.381970538535146
125 25.401669560691087
126 25.421353306234085
127 25.441021810659354
128 25.46067510932484
129 25.480313237451963
130 25.499936230126366
131 25.519544122298633
132 25.539136948785025
133 25.558714744268194
134 25.57827754329791
135 25.597825380291766
136 25.617358289535883
137 26.617358289535883
138 27.617358289535883
139 28.617358289535883
140 29.617358289535883
141 30.617358289535883
142 31.617358289535883
143 31.63317238745707
144 3.163317238745707
145 4.163317238745707
146 5.163317238745707
147 6.163317238745707
148 7.163317238745707
149 8.163317238745707
150 9.163317238745707
151 10.163317238745707
152 11.163317238745707
153 12.163317238745707
154 13.163317238745707
155 14.163317238745707
156 15.163317238745707
157 16.163317238745705
158 17.163317238745705
159 18.163317238745705
160 19.163317238745705
161 20.163317238745705
162 21.163317238745705
163 22.163317238745705
164 23.163317238745705
165 24.163317238745705
166 25.163317238745705
167 26.163317238745705
168 27.163317238745705
169 28.163317238745705
170 29.163317238745705
171 30.163317238745705
172 31.163317238745705
173 32.163317238745705
174 33.163317238745705
175 34.163317238745705
176 35.163317238745705
177 36.163317238745705
178 37.163317238745705
179 38.163317238745705
180 39.163317238745705
181 40.163317238745705
182 41.163317238745705
183 42.163317238745705
184 43.163317238745705
185 44.163317238745705
186 45.163317238745705
187 46.163317238745705
188 47.163317238745705
189 47.17391869829676
190 47.18451777536724
191 47.19511447156281
192 47.205708788487314
193 47.216300727742805
194 47.22689029092953
195 47.23747747964596
196 47.24806229548875
197 47.25864474005279
198 47.26922481493116
199 47.27980252171517
200 47.29037786199436
201 47.300950837356474
202 47.31152144938749
203 47.32208969967162
204 47.332655589791294
205 48.332655589791294
206 49.332655589791294
207 50.332655589791294
208 51.332655589791294
209 52.332655589791294
210 53.332655589791294
211 54.332655589791294
212 55.332655589791294
213 56.332655589791294
214 57.332655589791294
215 58.332655589791294
216 59.332655589791294
217 60.332655589791294
218 61.332655589791294
219 62.332655589791294
220 63.332655589791294
221 63.34055041111757
222 63.348444248426446
223 63.35633710208579
224 63.364228972463245
225 63.37211985992622
226 63.3800097648419
227 63.38789868757724
228 63.39578662849897
229 63.40367358797358
230 63.411559566367345
231 63.4194445640463
232 63.42732858137627
233 63.43521161872284
234 63.44309367645136
235 63.450974754926975
236 63.45885485451459
237 63.46673397557888
238 63.4746121184843
239 63.48248928359508
240 63.49036547127522
241 63.49824068188849
242 63.50611491579845
243 63.51398817336842
244 63.52186045496149
245 63.52973176094055
246 63.53760209166824
247 63.54547144750698
248 63.553339828818984
249 63.56120723596622
250 63.56907366931044
251 63.57693912921318
252 63.584803616035735
253 64.58480361603574
254 65.58480361603574
255 6.558480361603575
256 7.558480361603575
257 8.558480361603575
258 9.558480361603575
259 10.558480361603575
260 11.558480361603575
261 12.558480361603575
262 13.558480361603575
263 14.558480361603575
264 15.558480361603575
265 16.558480361603575
266 17.558480361603575
267 18.558480361603575
268 19.558480361603575
269 20.558480361603575
270 21.558480361603575
271 22.558480361603575
272 23.558480361603575
273 24.558480361603575
274 25.558480361603575
275 26.558480361603575
276 27.558480361603575
277 28.558480361603575
278 29.558480361603575
279 30.558480361603575
280 31.558480361603575
281 32.55848036160357
282 33.55848036160357
283 34.55848036160357
284 35.55848036160357
285 36.55848036160357
286 37.55848036160357
287 38.55848036160357
288 39.55848036160357
289 40.55848036160357
290 41.55848036160357
291 42.55848036160357
292 43.55848036160357
293 44.55848036160357
294 45.55848036160357
295 46.55848036160357
296 47.55848036160357
297 48.55848036160357
298 49.55848036160357
299 50.55848036160357
300 51.55848036160357
301 52.55848036160357
302 53.55848036160357
303 54.55848036160357
304 55.55848036160357
305 56.55848036160357
306 57.55848036160357
307 58.55848036160357
308 59.55848036160357
309 60.55848036160357
310 61.55848036160357
311 62.55848036160357
312 63.55848036160357
313 64.55848036160357
314 65.55848036160357
315 66.55848036160357
316 67.55848036160357
317 68.55848036160357
318 69.55848036160357
319 70.55848036160357
320 71.55848036160357
321 72.55848036160357
322 73.55848036160357
323 74.55848036160357
324 75.55848036160357
325 76.55848036160357
326 77.55848036160357
327 78.55848036160357
328 79.55848036160357
329 80.55848036160357
330 81.55848036160357
331 82.55848036160357
332 83.55848036160357
333 84.55848036160357
334 85.55848036160357
335 86.55848036160357
336 87.55848036160357
337 88.55848036160357
338 88.56412634827767
339 88.56977197501861
340 88.57541724189522
341 88.58106214897632
342 88.58670669633068
343 88.59235088402708
344 88.59799471213427
345 88.60363818072094
346 88.6092812898558
347 88.61492403960754
348 88.6205664300448
349 88.62620846123623
350 88.63185013325042
351 88.63749144615598
352 88.64313240002146
353 88.64877299491542
354 88.65441323090637
355 88.66005310806283
356 88.66569262645326
357 88.67133178614614
358 88.6769705872099
359 88.68260902971294
360 88.68824711372366
361 89.68824711372366
362 90.68824711372366
363 91.68824711372366
364 92.68824711372366
365 93.68824711372366
366 94.68824711372366
367 95.68824711372366
368 96.68824711372366
369 97.68824711372366
370 98.68824711372366
371 99.68824711372366
372 100.68824711372366
373 101.68824711372366
374 102.68824711372366
375 103.68824711372366
376 104.68824711372366
377 105.68824711372366
378 106.68824711372366
379 107.68824711372366
380 108.68824711372366
381 109.68824711372366
382 110.68824711372366
383 111.68824711372366
384 112.68824711372366
385 113.68824711372366
386 114.68824711372366
387 115.68824711372366
388 116.68824711372366
389 117.68824711372366
390 118.68824711372366
391 119.68824711372366
392 120.68824711372366
393 121.68824711372366
394 121.69235597396168
395 121.69646469546682
396 121.7005732782531
397 121.7046817223346
398 121.70879002772536
399 121.71289819443942
400 121.71700622249082
401 121.72111411189361
402 121.72522186266181
403 121.72932947480948
404 121.73343694835063
405 121.7375442832993
406 121.74165147966953
407 121.74575853747533
408 121.74986545673072
409 121.75397223744973
410 121.75807887964638
411 121.76218538333468
412 121.76629174852866
413 121.7703979752423
414 121.77450406348964
415 121.77861001328468
416 121.78271582464141
417 121.78682149757385
418 121.790927032096
419 121.79503242822183
420 121.79913768596536
421 121.80324280534059
422 121.80734778636149
423 121.81145262904205
424 121.81555733339627
425 121.81966189943812
426 121.82376632718159
427 121.82787061664065
428 121.83197476782928
429 121.83607878076145
430 121.84018265545114
431 121.84428639191232
432 121.84838999015895
433 121.852493450205
434 121.85659677206444
435 12.185659677206445
436 13.185659677206445
437 14.185659677206445
438 15.185659677206445
439 16.185659677206445
440 17.185659677206445
441 18.185659677206445
442 19.185659677206445
443 20.185659677206445
444 21.185659677206445
445 22.185659677206445
446 23.185659677206445
447 24.185659677206445
448 25.185659677206445
449 26.185659677206445
450 27.185659677206445
451 28.185659677206445
452 29.185659677206445
453 30.185659677206445
454 31.185659677206445
455 32.185659677206445
456 33.185659677206445
457 34.185659677206445
458 35.185659677206445
459 36.185659677206445
460 37.185659677206445
461 38.185659677206445
462 39.185659677206445
463 40.185659677206445
464 41.185659677206445
465 42.185659677206445
466 43.185659677206445
467 44.185659677206445
468 45.185659677206445
469 46.185659677206445
470 47.185659677206445
471 48.185659677206445
472 49.185659677206445
473 50.185659677206445
474 51.185659677206445
475 52.185659677206445
476 53.185659677206445
477 54.185659677206445
478 55.185659677206445
479 56.185659677206445
480 57.185659677206445
481 58.185659677206445
482 59.185659677206445
483 60.185659677206445
484 61.185659677206445
485 62.185659677206445
486 63.185659677206445
487 64.18565967720644
488 65.18565967720644
489 66.18565967720644
490 67.18565967720644
491 68.18565967720644
492 69.18565967720644
493 70.18565967720644
494 71.18565967720644
495 72.18565967720644
496 73.18565967720644
497 74.18565967720644
498 75.18565967720644
499 76.18565967720644
500 77.18565967720644
501 78.18565967720644
502 79.18565967720644
503 80.18565967720644
504 81.18565967720644
505 82.18565967720644
506 83.18565967720644
507 84.18565967720644
508 85.18565967720644
509 86.18565967720644
510 87.18565967720644
511 88.18565967720644
512 89.18565967720644
513 90.18565967720644
514 91.18565967720644
515 92.18565967720644
516 93.18565967720644
517 94.18565967720644
518 95.18565967720644
519 96.18565967720644
520 97.18565967720644
521 98.18565967720644
522 99.18565967720644
523 100.18565967720644
524 101.18565967720644
525 102.18565967720644
526 103.18565967720644
527 104.18565967720644
528 105.18565967720644
529 106.18565967720644
530 107.18565967720644
531 108.18565967720644
532 109.18565967720644
533 110.18565967720644
534 111.18565967720644
535 112.18565967720644
536 113.18565967720644
537 114.18565967720644
538 11.418565967720646
539 12.418565967720646
540 13.418565967720646
541 14.418565967720646
542 15.418565967720646
543 16.418565967720646
544 17.418565967720646
545 18.418565967720646
546 19.418565967720646
547 20.418565967720646
548 21.418565967720646
549 22.418565967720646
550 23.418565967720646
551 24.418565967720646
552 25.418565967720646
553 26.418565967720646
554 27.418565967720646
555 28.418565967720646
556 29.418565967720646
557 30.418565967720646
558 31.418565967720646
559 32.418565967720646
560 33.418565967720646
561 34.418565967720646
562 35.418565967720646
563 36.418565967720646
564 37.418565967720646
565 38.418565967720646
566 39.418565967720646
567 40.418565967720646
568 41.418565967720646
569 42.418565967720646
570 43.418565967720646
571 44.418565967720646
572 45.418565967720646
573 46.418565967720646
574 47.418565967720646
575 48.418565967720646
576 49.418565967720646
577 50.418565967720646
578 51.418565967720646
579 52.418565967720646
580 53.418565967720646
581 54.418565967720646
582 55.418565967720646
583 56.418565967720646
584 57.418565967720646
585 58.418565967720646
586 59.418565967720646
587 60.418565967720646
588 61.418565967720646
589 62.418565967720646
590 63.418565967720646
591 64.41856596772064
592 65.41856596772064
593 66.41856596772064
594 67.41856596772064
595 68.41856596772064
596 69.41856596772064
597 70.41856596772064
598 71.41856596772064
599 72.41856596772064
600 73.41856596772064
601 74.41856596772064
602 75.41856596772064
603 76.41856596772064
604 77.41856596772064
605 78.41856596772064
606 79.41856596772064
607 80.41856596772064
608 81.41856596772064
609 82.41856596772064
610 83.41856596772064
611 84.41856596772064
612 85.41856596772064
613 86.41856596772064
614 87.41856596772064
615 88.41856596772064
616 8.841856596772065
617 9.841856596772065
618 10.841856596772065
619 11.841856596772065
620 12.841856596772065
621 13.841856596772065
622 14.841856596772065
623 15.841856596772065
624 16.841856596772065
625 17.841856596772065
626 18.841856596772065
627 19.841856596772065
628 20.841856596772065
629 21.841856596772065
630 22.841856596772065
631 23.841856596772065
632 2.3841856596772066
633 3.3841856596772066
634 4.384185659677207
635 5.384185659677207
636 6.384185659677207
637 7.384185659677207
638 8.384185659677208
639 9.384185659677208
640 10.384185659677208
641 11.384185659677208
642 12.384185659677208
643 13.384185659677208
644 14.384185659677208
645 15.384185659677208
646 16.384185659677208
647 17.384185659677208
648 18.384185659677208
649 19.384185659677208
650 20.384185659677208
651 21.384185659677208
652 22.384185659677208
653 23.384185659677208
654 24.384185659677208
655 25.384185659677208
656 26.384185659677208
657 27.384185659677208
658 28.384185659677208
659 29.384185659677208
660 30.384185659677208
661 31.384185659677208
662 32.38418565967721
663 33.38418565967721
664 34.38418565967721
665 35.38418565967721
666 35.39831626606756
667 35.4124412316801
668 35.42656056326554
669 35.440674267561135
670 35.45478235129073
671 35.46888482116478
672 35.482981683880396
673 35.49707294612139
674 35.511158614558305
675 35.525238695848444
676 35.539313196635916
677 35.553382123551685
678 36.553382123551685
679 37.553382123551685
680 38.553382123551685
681 39.553382123551685
682 40.553382123551685
683 41.553382123551685
684 42.553382123551685
685 43.553382123551685
686 44.553382123551685
687 45.553382123551685
688 46.553382123551685
689 47.553382123551685
690 47.56389662278753
691 47.574408797682814
692 47.58491864977843
693 47.595426180613565
694 47.60593139172571
695 47.616434284650666
696 47.626934860922525
697 47.6374331220737
698 47.64792906963491
699 47.658422705135195
700 47.668914030101895
701 47.679403046060685
702 47.68988975453556
703 47.70037415704883
704 47.710856255121136
705 47.721336050271454
706 47.731813544017086
707 47.74228873787367
708 47.752761633355185
709 47.763232231973944
710 47.7737005352406
711 47.78416654466416
712 47.79463026175197
713 47.805091688009725
714 48.805091688009725
715 49.805091688009725
716 50.805091688009725
717 51.805091688009725
718 52.805091688009725
719 53.805091688009725
720 54.805091688009725
721 55.805091688009725
722 56.805091688009725
723 57.805091688009725
724 58.805091688009725
725 59.805091688009725
726 59.81345218016662
727 59.82181150372638
728 59.83016965917891
729 59.83852664701378
730 59.84688246772022
731 59.85523712178712
732 59.86359060970302
733 59.87194293195612
734 59.88029408903429
735 59.88864408142505
736 59.896992909615584
737 59.90534057409274
738 59.91368707534302
739 59.922032413852584
740 59.930376590107265
741 59.93871960459255
742 59.947061457793595
743 59.955402150195205
744 59.963741682281864
745 59.972080054537706
746 59.98041726744653
747 59.988753321491814
748 59.99708821715668
749 60.005421954923925
750 60.01375453527601
751 60.02208595869505
752 60.03041622566285
753 60.03874533666085
754 60.04707329217019
755 60.05540009267164
756 60.063725738645665
757 60.07205023057239
758 60.08037356893159
759 60.08869575420273
760 60.097016786864934
761 60.105336667397
762 61.105336667397
763 62.105336667397
764 63.105336667397
765 64.105336667397
766 65.105336667397
767 66.105336667397
768 67.105336667397
769 68.105336667397
770 69.105336667397
771 70.105336667397
772 71.105336667397
773 72.105336667397
774 72.112270966897
775 72.11920459959634
776 72.12613756568736
777 72.13306986536227
778 72.14000149881325
779 72.14693246623231
780 72.15386276781145
781 72.1607924037425
782 72.16772137421725
783 72.17464967942738
784 72.18157731956447
785 72.18850429482004
786 72.19543060538547
787 72.20235625145209
788 72.20928123321112
789 72.21620555085367
790 72.22312920457081
791 72.23005219455348
792 72.23697452099252
793 72.24389618407871
794 72.25081718400271
795 72.25773752095512
796 72.26465719512642
797 72.271576206707
798 72.27849455588718
799 72.28541224285718
800 72.2923292678071
801 72.29924563092702
802 72.30616133240684
803 72.31307637243644
804 72.31999075120557
805 72.3269044689039
806 72.33381752572103
807 72.34072992184643
808 72.34764165746951
809 72.35455273277957
810 72.36146314796584
811 72.36837290321743
812 72.37528199872341
813 72.3821904346727
814 72.38909821125416
815 72.39600532865659
816 72.40291178706862
817 72.40981758667887
818 72.41672272767583
819 72.4236272102479
820 72.43053103458341
821 72.43743420087058
822 72.44433670929756
823 73.44433670929756
824 74.44433670929756
825 75.44433670929756
826 76.44433670929756
827 77.44433670929756
828 78.44433670929756
829 79.44433670929756
830 80.44433670929756
831 81.44433670929756
832 82.44433670929756
833 83.44433670929756
834 84.44433670929756
835 84.45025776948329
836 84.45617841452578
837 84.46209864451234
838 84.46801845953024
839 84.47393785966675
840 84.47985684500908
841 84.48577541564441
842 84.49169357165991
843 84.4976113131427
844 84.50352864017988
845 84.50944555285851
846 84.51536205126563
847 84.52127813548825
848 84.52719380561332
849 84.53310906172781
850 84.53902390391863
851 84.54493833227266
852 8.454493833227266
853 9.454493833227266
854 10.454493833227266
855 11.454493833227266
856 12.454493833227266
857 13.454493833227266
858 14.454493833227266
859 15.454493833227266
860 16.454493833227268
861 17.454493833227268
862 18.454493833227268
863 19.454493833227268
864 20.454493833227268
865 21.454493833227268
866 22.454493833227268
867 23.454493833227268
868 24.454493833227268
869 25.454493833227268
870 26.454493833227268
871 27.454493833227268
872 28.454493833227268
873 29.454493833227268
874 30.454493833227268
875 3.045449383322727
876 4.045449383322727
877 5.045449383322727
878 6.045449383322727
879 7.045449383322727
880 8.045449383322726
881 9.045449383322726
882 10.045449383322726
883 11.045449383322726
884 12.045449383322726
885 13.045449383322726
886 14.045449383322726
887 15.045449383322726
888 16.045449383322726
889 17.045449383322726
890 18.045449383322726
891 19.045449383322726
892 20.045449383322726
893 21.045449383322726
894 22.045449383322726
895 23.045449383322726
896 24.045449383322726
897 25.045449383322726
898 26.045449383322726
899 27.045449383322726
900 28.045449383322726
901 29.045449383322726
902 30.045449383322726
903 31.045449383322726
904 32.045449383322726
905 33.045449383322726
906 34.045449383322726
907 35.045449383322726
908 36.045449383322726
909 37.045449383322726
910 38.045449383322726
911 39.045449383322726
912 40.045449383322726
913 41.045449383322726
914 42.045449383322726
915 43.045449383322726
916 44.045449383322726
917 45.045449383322726
918 46.045449383322726
919 47.045449383322726
920 47.05607740381257
921 47.06670302387243
922 47.07732624512815
923 47.087947069203764
924 47.098565497721474
925 47.10918153230164
926 47.1197951745628
927 47.13040642612168
928 47.14101528859317
929 47.15162176359034
930 47.162225852724475
931 47.17282755760502
932 47.183426879839615
933 47.1940238210341
934 47.20461838279252
935 47.2152105667171
936 48.2152105667171
937 49.2152105667171
938 50.2152105667171
939 51.2152105667171
940 52.2152105667171
941 53.2152105667171
942 54.2152105667171
943 55.2152105667171
944 5.52152105667171
945 6.52152105667171
946 7.52152105667171
947 8.521521056671709
948 9.521521056671709
949 10.521521056671709
950 11.521521056671709
951 12.521521056671709
952 13.521521056671709
953 14.521521056671709
954 15.521521056671709
955 16.52152105667171
956 17.52152105667171
957 18.52152105667171
958 19.52152105667171
959 20.52152105667171
960 21.52152105667171
961 22.52152105667171
962 23.52152105667171
963 24.52152105667171
964 25.52152105667171
965 26.52152105667171
966 27.52152105667171
967 28.52152105667171
968 29.52152105667171
969 30.52152105667171
970 31.52152105667171
971 32.52152105667171
972 33.52152105667171
973 34.52152105667171
974 35.52152105667171
975 36.52152105667171
976 37.52152105667171
977 38.52152105667171
978 39.52152105667171
979 40.52152105667171
980 41.52152105667171
981 42.52152105667171
982 43.52152105667171
983 44.52152105667171
984 45.52152105667171
985 46.52152105667171
986 47.52152105667171
987 48.52152105667171
988 49.52152105667171
989 50.52152105667171
990 51.52152105667171
991 52.52152105667171
992 53.52152105667171
993 54.52152105667171
994 55.52152105667171
995 56.52152105667171
996 57.52152105667171
997 58.52152105667171
998 59.52152105667171
999 60.52152105667171
1000 61.52152105667171
1001 62.52152105667171
1002 63.52152105667171
1003 64.5215210566717
1004 65.5215210566717
1005 66.5215210566717
1006 67.5215210566717
1007 68.5215210566717
1008 69.5215210566717
1009 70.5215210566717
1010 71.5215210566717
1011 72.5215210566717
1012 73.5215210566717
1013 74.5215210566717
1014 75.5215210566717
1015 75.52814168603673
1016 75.53476173505209
1017 75.54138120387034
1018 75.54800009264405
1019 75.55461840152564
1020 75.56123613066754
1021 75.56785328022204
1022 75.57446985034143
1023 75.58108584117788
1024 75.58770125288353
1025 75.59431608561044
1026 75.60093033951061
1027 75.60754401473596
1028 75.61415711143836
1029 75.6207696297696
1030 75.6273815698814
1031 75.63399293192542
1032 75.64060371605326
1033 75.64721392241646
1034 75.65382355116647
