1 5.5
2 7.0
3 8.5
4 10.0
5 11.5
6 13.0
7 14.5
8 16.0
9 17.5
10 19.0
11 20.5
12 22.0
13 23.5
14 25.0
15 26.5
16 28.0
17 29.5
18 31.0
19 32.5
20 34.0
21 35.5
22 37.0
23 38.5
24 40.0
25 41.5
26 43.0
27 44.5
28 46.0
29 47.5
30 49.0
31 50.5
32 52.0
33 53.5
34 55.0
35 56.5
36 58.0
37 59.5
38 61.0
39 62.5
40 64.0
41 65.5
42 67.0
43 68.5
44 70.0
45 71.5
46 73.0
47 74.5
48 76.0
49 77.5
50 79.0
51 80.5
52 82.0
53 83.5
54 85.0
55 86.5
56 88.0
57 89.5
58 91.0
59 92.5
60 94.0
61 95.5
62 97.0
63 98.5
64 100.0
65 101.5
66 103.0
67 104.5
68 106.0
69 107.5
70 109.0
71 110.5
72 112.0
73 113.5
74 115.0
75 116.5
76 118.0
77 119.5
78 121.0
79 122.5
80 124.0
81 125.5
82 127.0
83 128.5
84 130.0
85 131.5
86 133.0
87 134.5
88 13.450000000000001
89 14.950000000000001
90 16.450000000000003
91 17.950000000000003
92 19.450000000000003
93 20.950000000000003
94 22.450000000000003
95 23.950000000000003
96 25.450000000000003
97 26.950000000000003
98 28.450000000000003
99 29.950000000000003
100 31.450000000000003
101 3.1450000000000005
102 4.6450000000000005
103 6.1450000000000005
104 7.6450000000000005
105 9.145
106 10.645
107 12.145
108 13.645
109 15.145
110 16.645
111 18.145
112 19.645
113 21.145
114 22.645
115 24.145
116 25.645
117 27.145
118 28.645
119 30.145
120 31.645
121 33.144999999999996
122 34.644999999999996
123 36.144999999999996
124 37.644999999999996
125 39.144999999999996
126 40.644999999999996
127 42.144999999999996
128 43.644999999999996
129 45.144999999999996
130 46.644999999999996
131 48.144999999999996
132 48.16577058884619
133 48.18653222076394
134 48.20728490733243
135 48.22802866010594
136 48.2487634906139
137 48.269489410360926
138 48.29020643082697
139 48.31091456346733
140 48.33161381971275
141 49.83161381971275
142 51.33161381971275
143 52.83161381971275
144 54.33161381971275
145 55.83161381971275
146 57.33161381971275
147 58.83161381971275
148 60.33161381971275
149 61.83161381971275
150 63.33161381971275
151 64.83161381971274
152 66.33161381971274
153 67.83161381971274
154 69.33161381971274
155 70.83161381971274
156 72.33161381971274
157 72.34543903315942
158 72.3592616046078
159 72.37308153557204
160 72.3868988275649
161 72.40071348209766
162 72.41452550068014
163 72.42833488482077
164 72.4421416360265
165 72.45594575580287
166 72.46974724565396
167 72.48354610708245
168 72.49734234158956
169 72.5111359506751
170 72.52492693583743
171 72.53871529857352
172 72.5525010403789
173 72.56628416274768
174 72.58006466717254
175 7.258006466717254
176 8.758006466717255
177 10.258006466717255
178 11.758006466717255
179 13.258006466717255
180 14.758006466717255
181 16.258006466717255
182 17.758006466717255
183 19.258006466717255
184 20.758006466717255
185 22.258006466717255
186 23.758006466717255
187 25.258006466717255
188 26.758006466717255
189 28.258006466717255
190 29.758006466717255
191 2.9758006466717255
192 4.4758006466717255
193 5.9758006466717255
194 7.4758006466717255
195 8.975800646671726
196 10.475800646671726
197 11.975800646671726
198 13.475800646671726
199 14.975800646671726
200 16.475800646671726
201 17.975800646671726
202 19.475800646671726
203 20.975800646671726
204 22.475800646671726
205 23.975800646671726
206 25.475800646671726
207 26.975800646671726
208 28.475800646671726
209 29.975800646671726
210 31.475800646671726
211 32.97580064667173
212 34.47580064667173
213 35.97580064667173
214 37.47580064667173
215 38.97580064667173
216 40.47580064667173
217 41.97580064667173
218 41.99962389684431
219 42.02343363386615
220 42.04722988071053
221 42.07101266028572
222 42.09478199543519
223 43.59478199543519
224 45.09478199543519
225 46.59478199543519
226 48.09478199543519
227 49.59478199543519
228 51.09478199543519
229 5.10947819954352
230 6.60947819954352
231 8.10947819954352
232 9.60947819954352
233 11.10947819954352
234 12.60947819954352
235 14.10947819954352
236 15.60947819954352
237 17.10947819954352
238 18.60947819954352
239 20.10947819954352
240 21.60947819954352
241 23.10947819954352
242 24.60947819954352
243 26.10947819954352
244 27.60947819954352
245 29.10947819954352
246 30.60947819954352
247 32.10947819954352
248 33.60947819954352
249 35.10947819954352
250 36.60947819954352
251 38.10947819954352
252 3.810947819954352
253 5.310947819954352
254 6.810947819954352
255 8.310947819954352
256 9.810947819954352
257 11.310947819954352
258 12.810947819954352
259 14.310947819954352
260 15.810947819954352
261 17.31094781995435
262 18.81094781995435
263 20.31094781995435
264 21.81094781995435
265 23.31094781995435
266 24.81094781995435
267 26.31094781995435
268 27.81094781995435
269 29.31094781995435
270 30.81094781995435
271 32.31094781995435
272 33.81094781995435
273 35.31094781995435
274 36.81094781995435
275 38.31094781995435
276 39.81094781995435
277 41.31094781995435
278 42.81094781995435
279 44.31094781995435
280 45.81094781995435
281 47.31094781995435
282 48.81094781995435
283 50.31094781995435
284 51.81094781995435
285 53.31094781995435
286 54.81094781995435
287 54.82919235028586
288 54.847430809711106
289 54.86566320428706
290 54.883889540060615
291 54.90210982306862
292 56.40210982306862
293 57.90210982306862
294 59.40210982306862
295 60.90210982306862
296 62.40210982306862
297 63.90210982306862
298 65.40210982306863
299 66.90210982306863
300 68.40210982306863
301 69.90210982306863
302 71.40210982306863
303 72.90210982306863
304 74.40210982306863
305 75.90210982306863
306 77.40210982306863
307 78.90210982306863
308 80.40210982306863
309 81.90210982306863
310 83.40210982306863
311 84.90210982306863
312 84.91388809338586
313 84.92566472995797
314 84.93743973346463
315 84.94921310458504
316 84.96098484399796
317 84.97275495238166
318 84.98452343041394
319 84.99629027877215
320 85.00805549813313
321 85.0198190891733
322 85.03158105256857
323 85.04334138899442
324 85.05510009912584
325 85.06685718363734
326 85.078612643203
327 85.0903664784964
328 85.1021186901907
329 85.11386927895853
330 85.12561824547211
331 85.13736559040318
332 85.14911131442301
333 85.1608554182024
334 85.17259790241172
335 85.18433876772085
336 85.1960780147992
337 85.20781564431574
338 85.21955165693898
339 85.23128605333694
340 85.24301883417724
341 85.25475000012698
342 85.26647955185281
343 85.27820749002096
344 85.28993381529718
345 85.30165852834674
346 85.31338162983447
347 86.81338162983447
348 88.31338162983447
349 89.81338162983447
350 91.31338162983447
351 92.81338162983447
352 94.31338162983447
353 95.81338162983447
354 97.31338162983447
355 98.81338162983447
356 100.31338162983447
357 101.81338162983447
358 103.31338162983447
359 104.81338162983447
360 106.31338162983447
361 107.81338162983447
362 109.31338162983447
363 110.81338162983447
364 112.31338162983447
365 113.81338162983447
366 115.31338162983447
367 115.3220536502528
368 115.33072501855008
369 115.33939573487342
370 115.34806579936985
371 115.35673521218635
372 115.36540397346987
373 115.37407208336727
374 115.38273954202538
375 115.39140634959095
376 115.40007250621072
377 115.40873801203132
378 115.41740286719936
379 115.42606707186137
380 115.43473062616386
381 115.44339353025326
382 115.45205578427594
383 115.46071738837824
384 115.46937834270642
385 115.4780386474067
386 115.48669830262524
387 115.49535730850815
388 115.50401566520148
389 115.51267337285121
390 115.5213304316033
391 115.52998684160363
392 115.53864260299804
393 115.5472977159323
394 115.55595218055214
395 115.56460599700321
396 115.57325916543115
397 115.58191168598151
398 115.59056355879979
399 115.59921478403143
400 115.60786536182185
401 115.61651529231638
402 115.62516457566029
403 115.63381321199884
404 115.6424612014772
405 115.6511085442405
406 115.6597552404338
407 115.66840129020211
408 115.67704669369041
409 115.6856914510436
410 115.69433556240652
411 115.70297902792399
412 115.71162184774074
413 115.72026402200147
414 115.72890555085081
415 115.73754643443336
416 115.74618667289363
417 115.7548262663761
418 115.76346521502519
419 115.77210351898528
420 115.78074117840066
421 115.78937819341562
422 115.79801456417434
423 115.80665029082098
424 115.81528537349965
425 115.82391981235438
426 115.83255360752915
427 115.84118675916793
428 115.84981926741457
429 115.85845113241292
430 115.86708235430676
431 115.8757129332398
432 115.8843428693557
433 117.3843428693557
434 118.8843428693557
435 120.3843428693557
436 121.8843428693557
437 123.3843428693557
438 124.8843428693557
439 126.3843428693557
440 127.8843428693557
441 129.3843428693557
442 130.8843428693557
443 132.3843428693557
444 133.8843428693557
445 135.3843428693557
446 136.8843428693557
447 138.3843428693557
448 139.8843428693557
449 141.3843428693557
450 142.8843428693557
451 144.3843428693557
452 145.8843428693557
453 145.8911976145623
454 145.89805203769646
455 145.9049061388036
456 145.9117599179291
457 145.9186133751183
458 145.92546651041658
459 145.93231932386934
460 145.93917181552186
461 145.9460239854195
462 145.95287583360755
463 145.95972736013135
464 145.9665785650362
465 145.97342944836737
466 145.98028001017016
467 145.98713025048983
468 145.9939801693716
469 146.00082976686076
470 146.00767904300253
471 146.01452799784212
472 146.02137663142477
473 146.02822494379566
474 146.035072935
475 146.04192060508294
476 146.0487679540897
477 146.0556149820654
478 146.06246168905523
479 146.0693080751043
480 146.07615414025773
481 146.08299988456065
482 146.0898453080582
483 146.09669041079542
484 146.10353519281745
485 146.11037965416932
486 146.11722379489612
487 146.12406761504292
488 146.13091111465474
489 146.1377542937766
490 146.14459715245354
491 146.1514396907306
492 146.15828190865275
493 146.165123806265
494 146.1719653836123
495 146.17880664073965
496 146.185647577692
497 146.1924881945143
498 146.19932849125152
499 146.20616846794854
500 146.2130081246503
501 146.21984746140168
502 146.22668647824764
503 146.233525175233
504 146.2403635524027
505 146.24720160980155
506 146.25403934747442
507 146.26087676546615
508 146.2677138638216
509 146.27455064258558
510 146.2813871018029
511 146.28822324151835
512 146.29505906177675
513 146.30189456262286
514 146.30872974410147
515 146.31556460625734
516 146.3223991491352
517 146.3292333727798
518 146.33606727723588
519 146.34290086254813
520 146.3497341287613
521 146.35656707592005
522 146.3633997040691
523 146.37023201325312
524 146.37706400351675
525 146.38389567490466
526 146.3907270274615
527 146.39755806123193
528 146.40438877626053
529 146.41121917259196
530 146.41804925027077
531 146.4248790093416
532 146.431708449849
533 146.43853757183757
534 146.44536637535188
535 146.45219486043646
536 146.45902302713586
537 146.4658508754946
538 146.47267840555722
539 146.47950561736823
540 146.48633251097212
541 146.49315908641339
542 146.4999853437365
543 146.50681128298595
544 146.51363690420618
545 146.52046220744162
546 146.52728719273674
547 146.53411186013597
548 146.5409362096837
549 148.0409362096837
550 149.5409362096837
551 151.0409362096837
552 152.5409362096837
553 154.0409362096837
554 155.5409362096837
555 157.0409362096837
556 158.5409362096837
557 160.0409362096837
558 161.5409362096837
559 163.0409362096837
560 164.5409362096837
561 166.0409362096837
562 167.5409362096837
563 169.0409362096837
564 170.5409362096837
565 172.0409362096837
566 173.5409362096837
567 175.0409362096837
568 176.5409362096837
569 176.5466006182989
570 176.5522648451744
571 176.5579288903277
572 176.56359275377628
573 176.56925643553762
574 176.57491993562925
575 176.5805832540686
576 176.58624639087319
577 176.59190934606045
578 176.59757211964788
579 176.60323471165296
580 176.60889712209314
581 176.61455935098587
582 176.62022139834863
583 176.62588326419888
584 176.63154494855408
585 176.63720645143167
586 176.64286777284912
587 176.64852891282385
588 176.65418987137332
589 176.65985064851498
590 176.66551124426624
591 176.67117165864457
592 176.67683189166738
593 176.6824919433521
594 176.68815181371616
595 176.693811502777
596 176.69947101055203
597 176.70513033705868
598 176.71078948231434
599 176.71644844633644
600 176.7221072291424
601 176.72776583074963
602 176.73342425117553
603 176.7390824904375
604 176.74474054855295
605 176.75039842553926
606 176.75605612141382
607 176.76171363619403
608 176.76737096989729
609 17.67673709698973
610 19.17673709698973
611 20.67673709698973
612 22.17673709698973
613 23.67673709698973
614 25.17673709698973
615 26.67673709698973
616 28.17673709698973
617 29.67673709698973
618 31.17673709698973
619 32.676737096989726
620 34.176737096989726
621 35.676737096989726
622 37.176737096989726
623 38.676737096989726
624 40.176737096989726
625 41.676737096989726
626 43.176737096989726
627 44.676737096989726
628 46.176737096989726
629 47.676737096989726
630 49.176737096989726
631 50.676737096989726
632 52.176737096989726
633 53.676737096989726
634 55.176737096989726
635 56.676737096989726
636 58.176737096989726
637 59.676737096989726
638 61.176737096989726
639 62.676737096989726
640 64.17673709698973
641 65.67673709698973
642 67.17673709698973
643 68.67673709698973
644 70.17673709698973
645 71.67673709698973
646 73.17673709698973
647 74.67673709698973
648 76.17673709698973
649 77.67673709698973
650 79.17673709698973
651 80.67673709698973
652 82.17673709698973
653 83.67673709698973
654 85.17673709698973
655 86.67673709698973
656 88.17673709698973
657 89.67673709698973
658 91.17673709698973
659 92.67673709698973
660 94.17673709698973
661 95.67673709698973
662 97.17673709698973
663 98.67673709698973
664 100.17673709698973
665 101.67673709698973
666 103.17673709698973
667 104.67673709698973
668 106.17673709698973
669 107.67673709698973
670 109.17673709698973
671 110.67673709698973
672 112.17673709698973
673 11.217673709698973
674 12.717673709698973
675 14.217673709698973
676 15.717673709698973
677 17.21767370969897
678 18.71767370969897
679 20.21767370969897
680 21.71767370969897
681 23.21767370969897
682 24.71767370969897
683 26.21767370969897
684 27.71767370969897
685 29.21767370969897
686 30.71767370969897
687 32.21767370969897
688 33.71767370969897
689 35.21767370969897
690 36.71767370969897
691 38.21767370969897
692 39.71767370969897
693 41.21767370969897
694 42.71767370969897
695 44.21767370969897
696 45.71767370969897
697 47.21767370969897
698 48.71767370969897
699 50.21767370969897
700 51.71767370969897
701 53.21767370969897
702 54.71767370969897
703 56.21767370969897
704 57.71767370969897
705 59.21767370969897
706 60.71767370969897
707 62.21767370969897
708 63.71767370969897
709 65.21767370969897
710 66.71767370969897
711 68.21767370969897
712 69.71767370969897
713 71.21767370969897
714 72.71767370969897
715 74.21767370969897
716 75.71767370969897
717 77.21767370969897
718 78.71767370969897
719 80.21767370969897
720 81.71767370969897
721 8.171767370969897
722 9.671767370969897
723 11.171767370969897
724 12.671767370969897
725 14.171767370969897
726 15.671767370969897
727 17.171767370969896
728 18.671767370969896
729 20.171767370969896
730 21.671767370969896
731 23.171767370969896
732 24.671767370969896
733 26.171767370969896
734 27.671767370969896
735 29.171767370969896
736 30.671767370969896
737 32.171767370969896
738 33.671767370969896
739 35.171767370969896
740 36.671767370969896
741 38.171767370969896
742 39.671767370969896
743 41.171767370969896
744 42.671767370969896
745 44.171767370969896
746 45.671767370969896
747 47.171767370969896
748 48.671767370969896
749 50.171767370969896
750 51.671767370969896
751 53.171767370969896
752 54.671767370969896
753 56.171767370969896
754 57.671767370969896
755 59.171767370969896
756 60.671767370969896
757 62.171767370969896
758 63.671767370969896
759 65.17176737096989
760 66.67176737096989
761 68.17176737096989
762 69.67176737096989
763 71.17176737096989
764 72.67176737096989
765 74.17176737096989
766 75.67176737096989
767 77.17176737096989
768 78.67176737096989
769 80.17176737096989
770 81.67176737096989
771 8.16717673709699
772 9.66717673709699
773 11.16717673709699
774 12.66717673709699
775 14.16717673709699
776 15.66717673709699
777 17.167176737096987
778 18.667176737096987
779 20.167176737096987
780 21.667176737096987
781 23.167176737096987
782 24.667176737096987
783 26.167176737096987
784 27.667176737096987
785 29.167176737096987
786 30.667176737096987
787 32.16717673709699
788 33.66717673709699
789 35.16717673709699
790 36.66717673709699
791 38.16717673709699
792 39.66717673709699
793 41.16717673709699
794 42.66717673709699
795 44.16717673709699
796 45.66717673709699
797 47.16717673709699
798 48.66717673709699
799 50.16717673709699
800 51.66717673709699
801 53.16717673709699
802 54.66717673709699
803 56.16717673709699
804 57.66717673709699
805 59.16717673709699
806 60.66717673709699
807 62.16717673709699
808 63.66717673709699
809 65.16717673709698
810 66.66717673709698
811 68.16717673709698
812 69.66717673709698
813 71.16717673709698
814 72.66717673709698
815 74.16717673709698
816 75.66717673709698
817 77.16717673709698
818 78.66717673709698
819 80.16717673709698
820 81.66717673709698
821 83.16717673709698
822 84.66717673709698
823 86.16717673709698
824 87.66717673709698
825 89.16717673709698
826 90.66717673709698
827 92.16717673709698
828 93.66717673709698
829 95.16717673709698
830 96.66717673709698
831 98.16717673709698
832 99.66717673709698
833 101.16717673709698
834 102.66717673709698
835 104.16717673709698
836 105.66717673709698
837 107.16717673709698
838 108.66717673709698
839 110.16717673709698
840 111.66717673709698
841 113.16717673709698
842 114.66717673709698
843 116.16717673709698
844 116.17578502067663
845 116.18439266640782
846 116.1929996744323
847 116.20160604489182
848 116.21021177792802
849 116.21881687368253
850 116.2274213322969
851 116.23602515391264
852 116.24462833867119
853 116.25323088671398
854 116.26183279818235
855 116.27043407321761
856 116.279034711961
857 116.2876347145537
858 117.7876347145537
859 119.2876347145537
860 120.7876347145537
861 122.2876347145537
862 123.7876347145537
863 125.2876347145537
864 126.7876347145537
865 128.2876347145537
866 129.7876347145537
867 131.2876347145537
868 13.12876347145537
869 14.62876347145537
870 16.128763471455372
871 17.628763471455372
872 19.128763471455372
873 20.628763471455372
874 22.128763471455372
875 23.628763471455372
876 25.128763471455372
877 26.628763471455372
878 28.128763471455372
879 29.628763471455372
880 31.128763471455372
881 32.62876347145537
882 34.12876347145537
883 35.62876347145537
884 37.12876347145537
885 38.62876347145537
886 40.12876347145537
887 4.0128763471455375
888 5.5128763471455375
889 7.0128763471455375
890 8.512876347145538
891 10.012876347145538
892 11.512876347145538
893 13.012876347145538
894 14.512876347145538
895 16.012876347145536
896 17.512876347145536
897 19.012876347145536
898 20.512876347145536
899 22.012876347145536
900 23.512876347145536
901 25.012876347145536
902 26.512876347145536
903 28.012876347145536
904 29.512876347145536
905 31.012876347145536
906 32.512876347145536
907 34.012876347145536
908 35.512876347145536
909 37.012876347145536
910 38.512876347145536
911 40.012876347145536
912 41.512876347145536
913 43.012876347145536
914 44.512876347145536
915 46.012876347145536
916 47.512876347145536
917 49.012876347145536
918 50.512876347145536
919 52.012876347145536
920 53.512876347145536
921 5.351287634714554
922 6.851287634714554
923 8.351287634714554
924 9.851287634714554
925 11.351287634714554
926 12.851287634714554
927 14.351287634714554
928 15.851287634714554
929 17.351287634714552
930 18.851287634714552
931 20.351287634714552
932 21.851287634714552
933 23.351287634714552
934 24.851287634714552
935 26.351287634714552
936 27.851287634714552
937 29.351287634714552
938 30.851287634714552
939 32.35128763471455
940 33.85128763471455
941 35.35128763471455
942 36.85128763471455
943 38.35128763471455
944 39.85128763471455
945 41.35128763471455
946 42.85128763471455
947 44.35128763471455
948 45.85128763471455
949 47.35128763471455
950 48.85128763471455
951 50.35128763471455
952 51.85128763471455
953 53.35128763471455
954 54.85128763471455
955 56.35128763471455
956 57.85128763471455
957 59.35128763471455
958 60.85128763471455
959 62.35128763471455
960 63.85128763471455
961 65.35128763471455
962 66.85128763471455
963 68.35128763471455
964 69.85128763471455
965 71.35128763471455
966 72.85128763471455
967 74.35128763471455
968 75.85128763471455
969 77.35128763471455
970 77.36421566772574
971 77.37714154038365
972 77.390065253771
973 77.4029868089696
974 7.74029868089696
975 9.24029868089696
976 10.74029868089696
977 12.24029868089696
978 13.74029868089696
979 15.24029868089696
980 16.74029868089696
981 18.24029868089696
982 19.74029868089696
983 21.24029868089696
984 22.74029868089696
985 24.24029868089696
986 25.74029868089696
987 27.24029868089696
988 28.74029868089696
989 30.24029868089696
990 31.74029868089696
991 33.240298680896956
992 34.740298680896956
993 36.240298680896956
994 37.740298680896956
995 39.240298680896956
996 40.740298680896956
997 42.240298680896956
998 43.740298680896956
999 45.240298680896956
1000 46.740298680896956
1001 48.240298680896956
1002 49.740298680896956
1003 51.240298680896956
1004 52.740298680896956
1005 54.240298680896956
1006 55.740298680896956
1007 57.240298680896956
1008 58.740298680896956
1009 60.240298680896956
1010 61.740298680896956
1011 63.240298680896956
1012 64.74029868089696
1013 66.24029868089696
1014 67.74029868089696
1015 69.24029868089696
1016 70.74029868089696
1017 72.24029868089696
1018 73.74029868089696
1019 75.24029868089696
1020 76.74029868089696
1021 78.24029868089696
1022 79.74029868089696
1023 81.24029868089696
1024 82.74029868089696
1025 84.24029868089696
1026 85.74029868089696
1027 87.24029868089696
1028 88.74029868089696
1029 90.24029868089696
1030 91.74029868089696
1031 93.24029868089696
1032 94.74029868089696
1033 96.24029868089696
1034 97.74029868089696
1035 99.24029868089696
1036 100.74029868089696
1037 102.24029868089696
1038 103.74029868089696
1039 105.24029868089696
1040 106.74029868089696
1041 108.24029868089696
1042 108.24953738415431
1043 108.25877529892203
1044 108.26801242540198
1045 108.27724876379591
1046 108.28648431430553
1047 108.29571907713242
1048 108.30495305247808
1049 108.31418624054396
1050 108.32341864153139
1051 108.33265025564162
1052 108.34188108307583
