1 1.0
2 2.5
3 4.0
4 5.5
5 5.590909090909091
6 7.090909090909091
7 8.59090909090909
8 8.649110149110149
9 8.70691956434247
10 8.764345155138974
11 8.821394482972307
12 10.321394482972307
13 11.821394482972307
14 11.863690677445828
15 11.905836078366518
16 11.947832289023955
17 11.989680884476648
18 12.031383412243452
19 12.072941392973348
20 12.114356321094428
21 13.614356321094428
22 15.114356321094428
23 15.147437451999235
24 15.180446335619612
25 15.213383443590331
26 15.246249242434747
27 15.279044193642047
28 15.311768753743003
29 15.34442337438425
30 15.377008502401162
31 1.5377008502401164
32 3.0377008502401166
33 4.537700850240117
34 6.037700850240117
35 7.537700850240117
36 9.037700850240117
37 10.537700850240117
38 12.037700850240117
39 13.537700850240117
40 15.037700850240117
41 16.537700850240117
42 18.037700850240117
43 19.537700850240117
44 21.037700850240117
45 22.537700850240117
46 24.037700850240117
47 24.058501508469252
48 24.07928418272783
49 24.100048919594826
50 24.120795765448467
51 24.141524766467423
52 25.641524766467423
53 27.141524766467423
54 28.641524766467423
55 30.141524766467423
56 31.641524766467423
57 33.14152476646743
58 34.64152476646743
59 36.14152476646743
60 36.15535926855971
61 36.169188477012206
62 36.183012397897734
63 36.1968310372775
64 36.21064440120113
65 36.224452495706714
66 36.23825532682084
67 36.25205290055861
68 36.26584522292368
69 36.27963229990828
70 36.29341413749326
71 3.629341413749326
72 5.1293414137493265
73 6.6293414137493265
74 8.129341413749327
75 9.629341413749327
76 11.129341413749327
77 12.629341413749327
78 14.129341413749327
79 15.629341413749327
80 17.129341413749327
81 18.629341413749327
82 20.129341413749327
83 21.629341413749327
84 23.129341413749327
85 24.629341413749327
86 26.129341413749327
87 27.629341413749327
88 29.129341413749327
89 30.629341413749327
90 32.12934141374933
91 33.62934141374933
92 35.12934141374933
93 36.62934141374933
94 38.12934141374933
95 39.62934141374933
96 41.12934141374933
97 42.62934141374933
98 4.2629341413749335
99 5.7629341413749335
100 7.2629341413749335
101 8.762934141374934
102 10.262934141374934
103 11.762934141374934
104 13.262934141374934
105 14.762934141374934
106 16.262934141374934
107 17.762934141374934
108 19.262934141374934
109 20.762934141374934
110 22.262934141374934
111 23.762934141374934
112 25.262934141374934
113 26.762934141374934
114 28.262934141374934
115 29.762934141374934
116 31.262934141374934
117 32.762934141374934
118 34.262934141374934
119 35.762934141374934
120 37.262934141374934
121 38.762934141374934
122 40.262934141374934
123 41.762934141374934
124 43.262934141374934
125 44.762934141374934
126 46.262934141374934
127 47.762934141374934
128 49.262934141374934
129 50.762934141374934
130 52.262934141374934
131 53.762934141374934
132 55.262934141374934
133 56.762934141374934
134 58.262934141374934
135 59.762934141374934
136 61.262934141374934
137 62.762934141374934
138 62.770900626798856
139 62.77886610116687
140 62.78683056486384
141 62.7947940182744
142 62.80275646178293
143 62.81071789577356
144 62.818678320630184
145 62.82663773673646
146 64.32663773673646
147 65.82663773673646
148 67.32663773673646
149 68.82663773673646
150 70.32663773673646
151 71.82663773673646
152 73.32663773673646
153 74.82663773673646
154 76.32663773673646
155 77.82663773673646
156 79.32663773673646
157 80.82663773673646
158 82.32663773673646
159 83.82663773673646
160 85.32663773673646
161 86.82663773673646
162 88.32663773673646
163 89.82663773673646
164 91.32663773673646
165 92.82663773673646
166 94.32663773673646
167 95.82663773673646
168 95.83185549259025
169 95.83707296435296
170 95.84229015207097
171 95.84750705579069
172 95.85272367555847
173 95.85794001142068
174 95.86315606342367
175 95.86837183161379
176 95.87358731603734
177 95.87880251674066
178 95.88401743377003
179 95.88923206717173
180 95.89444641699205
181 95.89966048327724
182 95.90487426607356
183 9.590487426607357
184 11.090487426607357
185 12.590487426607357
186 14.090487426607357
187 15.590487426607357
188 17.090487426607357
189 18.590487426607357
190 20.090487426607357
191 21.590487426607357
192 23.090487426607357
193 24.590487426607357
194 26.090487426607357
195 27.590487426607357
196 29.090487426607357
197 2.909048742660736
198 4.409048742660736
199 5.909048742660736
200 7.409048742660736
201 8.909048742660737
202 10.409048742660737
203 11.909048742660737
204 13.409048742660737
205 14.909048742660737
206 16.409048742660737
207 17.909048742660737
208 19.409048742660737
209 20.909048742660737
210 22.409048742660737
211 23.909048742660737
212 25.409048742660737
213 26.909048742660737
214 28.409048742660737
215 29.909048742660737
216 31.409048742660737
217 32.90904874266074
218 34.40904874266074
219 35.90904874266074
220 37.40904874266074
221 38.90904874266074
222 40.40904874266074
223 41.90904874266074
224 41.92097934034789
225 41.932906542619115
226 41.94483035237201
227 41.95675077250006
228 41.968667805892636
229 43.468667805892636
230 44.968667805892636
231 46.468667805892636
232 47.968667805892636
233 49.468667805892636
234 50.968667805892636
235 52.468667805892636
236 53.968667805892636
237 55.468667805892636
238 56.968667805892636
239 58.468667805892636
240 59.968667805892636
241 61.468667805892636
242 62.968667805892636
243 64.46866780589264
244 64.47642351136969
245 64.4841782839326
246 64.49193212391793
247 64.49968503166211
248 64.5074370075013
249 64.51518805177146
250 64.5229381648084
251 6.452293816480839
252 7.952293816480839
253 9.45229381648084
254 10.95229381648084
255 12.45229381648084
256 13.95229381648084
257 15.45229381648084
258 16.95229381648084
259 18.45229381648084
260 19.95229381648084
261 21.45229381648084
262 22.95229381648084
263 24.45229381648084
264 25.95229381648084
265 27.45229381648084
266 28.95229381648084
267 30.45229381648084
268 31.95229381648084
269 33.45229381648084
270 34.95229381648084
271 36.45229381648084
272 37.95229381648084
273 39.45229381648084
274 40.95229381648084
275 42.45229381648084
276 43.95229381648084
277 45.45229381648084
278 46.95229381648084
279 48.45229381648084
280 49.95229381648084
281 51.45229381648084
282 52.95229381648084
283 54.45229381648084
284 55.95229381648084
285 57.45229381648084
286 58.95229381648084
287 60.45229381648084
288 61.95229381648084
289 63.45229381648084
290 64.95229381648085
291 66.45229381648085
292 67.95229381648085
293 69.45229381648085
294 70.95229381648085
295 72.45229381648085
296 73.95229381648085
297 75.45229381648085
298 76.95229381648085
299 78.45229381648085
300 79.95229381648085
301 81.45229381648085
302 82.95229381648085
303 84.45229381648085
304 85.95229381648085
305 87.45229381648085
306 88.95229381648085
307 90.45229381648085
308 91.95229381648085
309 91.95773141873357
310 91.96316869945251
311 91.96860565869468
312 91.97404229651711
313 91.97947861297679
314 91.98491460813071
315 91.99035028203583
316 91.9957856347491
317 92.00122066632744
318 92.0066553768278
319 93.5066553768278
320 95.0066553768278
321 96.5066553768278
322 98.0066553768278
323 99.5066553768278
324 101.0066553768278
325 102.5066553768278
326 104.0066553768278
327 105.5066553768278
328 107.0066553768278
329 108.5066553768278
330 110.0066553768278
331 111.5066553768278
332 113.0066553768278
333 114.5066553768278
334 116.0066553768278
335 117.5066553768278
336 119.0066553768278
337 120.5066553768278
338 122.0066553768278
339 123.5066553768278
340 125.0066553768278
341 126.5066553768278
342 128.00665537682778
343 129.50665537682778
344 131.00665537682778
345 132.50665537682778
346 134.00665537682778
347 135.50665537682778
348 137.00665537682778
349 138.50665537682778
350 140.00665537682778
351 141.50665537682778
352 141.51018877954067
353 141.51372209402714
354 141.51725532029383
355 141.52078845834734
356 141.52432150819428
357 141.52785446984123
358 141.53138734329482
359 141.53492012856165
360 141.5384528256483
361 141.5419854345614
362 141.54551795530756
363 141.54905038789337
364 141.55258273232542
365 141.55611498861032
366 141.55964715675466
367 141.56317923676505
368 141.56671122864807
369 141.57024313241033
370 141.57377494805843
371 141.57730667559895
372 141.5808383150385
373 141.58436986638367
374 141.58790132964103
375 141.59143270481718
376 141.59496399191872
377 141.59849519095224
378 141.60202630192433
379 141.60555732484156
380 141.60908825971055
381 141.61261910653786
382 141.61614986533007
383 141.6196805360938
384 141.6232111188356
385 141.62674161356207
386 141.6302720202798
387 141.63380233899534
388 141.63733256971528
389 141.64086271244622
390 141.64439276719472
391 141.64792273396736
392 141.65145261277073
393 141.6549824036114
394 141.65851210649595
395 141.66204172143094
396 141.66557124842296
397 141.6691006874786
398 141.67263003860438
399 141.6761593018069
400 141.67968847709275
401 141.68321756446846
402 141.68674656394063
403 141.69027547551582
404 141.6938042992006
405 141.69733303500152
406 141.70086168292517
407 141.7043902429781
408 141.70791871516687
409 141.71144709949806
410 141.71497539597823
411 141.71850360461391
412 143.21850360461391
413 144.71850360461391
414 146.21850360461391
415 147.71850360461391
416 149.21850360461391
417 150.71850360461391
418 152.21850360461391
419 153.71850360461391
420 155.21850360461391
421 156.71850360461391
422 158.21850360461391
423 159.71850360461391
424 161.21850360461391
425 162.71850360461391
426 164.21850360461391
427 165.71850360461391
428 167.21850360461391
429 168.71850360461391
430 170.21850360461391
431 171.71850360461391
432 173.21850360461391
433 174.71850360461391
434 176.21850360461391
435 177.71850360461391
436 179.21850360461391
437 180.71850360461391
438 182.21850360461391
439 183.71850360461391
440 185.21850360461391
441 186.71850360461391
442 188.21850360461391
443 189.71850360461391
444 191.21850360461391
445 191.22111841432414
446 191.22373318827874
447 191.2263479264792
448 191.22896262892698
449 191.2315772956235
450 191.2341919265703
451 191.2368065217688
452 191.23942108122048
453 191.2420356049268
454 191.24465009288923
455 191.24726454510923
456 191.24987896158828
457 191.25249334232782
458 191.25510768732934
459 191.2577219965943
460 191.26033627012418
461 191.26295050792044
462 191.26556470998452
463 191.2681788763179
464 191.27079300692205
465 191.27340710179843
466 191.2760211609485
467 191.2786351843737
468 191.28124917207558
469 191.28386312405553
470 191.28647704031502
471 191.28909092085553
472 191.29170476567853
473 191.29431857478548
474 19.129431857478547
475 20.629431857478547
476 22.129431857478547
477 23.629431857478547
478 25.129431857478547
479 26.629431857478547
480 28.129431857478547
481 29.629431857478547
482 31.129431857478547
483 32.62943185747855
484 34.12943185747855
485 35.62943185747855
486 37.12943185747855
487 38.62943185747855
488 40.12943185747855
489 41.62943185747855
490 43.12943185747855
491 44.62943185747855
492 46.12943185747855
493 47.62943185747855
494 49.12943185747855
495 50.62943185747855
496 52.12943185747855
497 53.62943185747855
498 55.12943185747855
499 56.62943185747855
500 58.12943185747855
501 59.62943185747855
502 61.12943185747855
503 62.62943185747855
504 64.12943185747855
505 65.62943185747855
506 67.12943185747855
507 68.62943185747855
508 70.12943185747855
509 71.62943185747855
510 73.12943185747855
511 74.62943185747855
512 76.12943185747855
513 77.62943185747855
514 79.12943185747855
515 80.62943185747855
516 82.12943185747855
517 83.62943185747855
518 85.12943185747855
519 86.62943185747855
520 88.12943185747855
521 89.62943185747855
522 91.12943185747855
523 92.62943185747855
524 94.12943185747855
525 95.62943185747855
526 97.12943185747855
527 98.62943185747855
528 100.12943185747855
529 101.62943185747855
530 103.12943185747855
531 104.62943185747855
532 106.12943185747855
533 107.62943185747855
534 109.12943185747855
535 110.62943185747855
536 112.12943185747855
537 113.62943185747855
538 115.12943185747855
539 116.62943185747855
540 118.12943185747855
541 119.62943185747855
542 121.12943185747855
543 122.62943185747855
544 124.12943185747855
545 125.62943185747855
546 127.12943185747855
547 128.62943185747855
548 130.12943185747855
549 131.62943185747855
550 133.12943185747855
551 134.62943185747855
552 136.12943185747855
553 137.62943185747855
554 139.12943185747855
555 140.62943185747855
556 142.12943185747855
557 143.62943185747855
558 145.12943185747855
559 146.62943185747855
560 148.12943185747855
561 149.62943185747855
562 151.12943185747855
563 152.62943185747855
564 154.12943185747855
565 155.62943185747855
566 157.12943185747855
567 158.62943185747855
568 160.12943185747855
569 161.62943185747855
570 163.12943185747855
571 164.62943185747855
572 166.12943185747855
573 167.62943185747855
574 169.12943185747855
575 170.62943185747855
576 172.12943185747855
577 173.62943185747855
578 175.12943185747855
579 176.62943185747855
580 178.12943185747855
581 179.62943185747855
582 181.12943185747855
583 182.62943185747855
584 184.12943185747855
585 185.62943185747855
586 187.12943185747855
587 188.62943185747855
588 190.12943185747855
589 191.62943185747855
590 193.12943185747855
591 194.62943185747855
592 196.12943185747855
593 197.62943185747855
594 199.12943185747855
595 200.62943185747855
596 202.12943185747855
597 203.62943185747855
598 205.12943185747855
599 206.62943185747855
600 208.12943185747855
601 209.62943185747855
602 211.12943185747855
603 212.62943185747855
604 214.12943185747855
605 215.62943185747855
606 217.12943185747855
607 218.62943185747855
608 220.12943185747855
609 221.62943185747855
610 223.12943185747855
611 224.62943185747855
612 226.12943185747855
613 227.62943185747855
614 229.12943185747855
615 230.62943185747855
616 232.12943185747855
617 233.62943185747855
618 235.12943185747855
619 236.62943185747855
620 238.12943185747855
621 239.62943185747855
622 241.12943185747855
623 242.62943185747855
624 244.12943185747855
625 245.62943185747855
626 247.12943185747855
627 248.62943185747855
628 250.12943185747855
629 251.62943185747855
630 253.12943185747855
631 254.62943185747855
632 256.12943185747855
633 257.62943185747855
634 259.12943185747855
635 25.912943185747856
636 27.412943185747856
637 28.912943185747856
638 30.412943185747856
639 31.912943185747856
640 33.41294318574786
641 34.91294318574786
642 36.41294318574786
643 37.91294318574786
644 39.41294318574786
645 40.91294318574786
646 42.41294318574786
647 43.91294318574786
648 45.41294318574786
649 46.91294318574786
650 48.41294318574786
651 49.91294318574786
652 51.41294318574786
653 52.91294318574786
654 54.41294318574786
655 55.91294318574786
656 57.41294318574786
657 58.91294318574786
658 60.41294318574786
659 61.91294318574786
660 63.41294318574786
661 64.91294318574785
662 66.41294318574785
663 67.91294318574785
664 69.41294318574785
665 70.91294318574785
666 72.41294318574785
667 73.91294318574785
668 75.41294318574785
669 76.91294318574785
670 78.41294318574785
671 79.91294318574785
672 81.41294318574785
673 82.91294318574785
674 84.41294318574785
675 85.91294318574785
676 87.41294318574785
677 88.91294318574785
678 90.41294318574785
679 91.91294318574785
680 93.41294318574785
681 94.91294318574785
682 96.41294318574785
683 97.91294318574785
684 99.41294318574785
685 100.91294318574785
686 102.41294318574785
687 103.91294318574785
688 105.41294318574785
689 106.91294318574785
690 108.41294318574785
691 109.91294318574785
692 111.41294318574785
693 112.91294318574785
694 11.291294318574785
695 12.791294318574785
696 14.291294318574785
697 15.791294318574785
698 17.291294318574785
699 18.791294318574785
700 20.291294318574785
701 21.791294318574785
702 23.291294318574785
703 24.791294318574785
704 26.291294318574785
705 27.791294318574785
706 29.291294318574785
707 30.791294318574785
708 32.291294318574785
709 33.791294318574785
710 35.291294318574785
711 36.791294318574785
712 38.291294318574785
713 39.791294318574785
714 41.291294318574785
715 42.791294318574785
716 4.279129431857479
717 5.779129431857479
718 7.279129431857479
719 8.779129431857479
720 10.279129431857479
721 11.779129431857479
722 13.279129431857479
723 14.779129431857479
724 16.279129431857477
725 17.779129431857477
726 19.279129431857477
727 20.779129431857477
728 22.279129431857477
729 23.779129431857477
730 25.279129431857477
731 26.779129431857477
732 28.279129431857477
733 29.779129431857477
734 31.279129431857477
735 32.77912943185748
736 34.27912943185748
737 35.77912943185748
738 37.27912943185748
739 38.77912943185748
740 40.27912943185748
741 41.77912943185748
742 43.27912943185748
743 44.77912943185748
744 46.27912943185748
745 47.77912943185748
746 49.27912943185748
747 50.77912943185748
748 52.27912943185748
749 53.77912943185748
750 55.27912943185748
751 56.77912943185748
752 58.27912943185748
753 59.77912943185748
754 61.27912943185748
755 62.77912943185748
756 62.787093862147046
757 62.795057282162915
758 62.80301969228945
759 62.81098109291079
760 62.81894148441081
761 62.82690086717316
762 62.834859241581235
763 62.8428166080182
764 64.3428166080182
765 65.8428166080182
766 67.3428166080182
767 68.8428166080182
768 70.3428166080182
769 71.8428166080182
770 73.3428166080182
771 74.8428166080182
772 76.3428166080182
773 77.8428166080182
774 79.3428166080182
775 80.8428166080182
776 82.3428166080182
777 83.8428166080182
778 85.3428166080182
779 86.8428166080182
780 88.3428166080182
781 89.8428166080182
782 91.3428166080182
783 92.8428166080182
784 94.3428166080182
785 95.8428166080182
786 95.84803348308192
787 95.8532500741984
788 95.85846638141399
789 95.86368240477505
790 95.8688981443279
791 95.87411360011886
792 95.87932877219426
793 95.88454366060037
794 95.88975826538349
795 95.8949725865899
796 95.90018662426584
797 95.90540037845757
798 95.91061384921133
799 95.91582703657333
800 95.92103994058978
801 95.92625256130688
802 95.93146489877081
803 95.93667695302776
804 95.94188872412386
805 95.94710021210527
806 95.95231141701812
807 95.95752233890855
808 95.96273297782265
809 95.96794333380653
810 95.97315340690626
811 95.97836319716792
812 95.98357270463757
813 95.98878192936125
814 95.993990871385
815 95.99919953075482
816 96.00440790751675
817 96.00961600171678
818 96.01482381340088
819 96.02003134261503
820 96.02523858940519
821 96.0304455538173
822 96.0356522358973
823 96.04085863569112
824 96.04606475324466
825 96.05127058860381
826 96.05647614181447
827 97.55647614181447
828 99.05647614181447
829 100.55647614181447
830 102.05647614181447
831 103.55647614181447
832 105.05647614181447
833 106.55647614181447
834 108.05647614181447
835 109.55647614181447
836 111.05647614181447
837 112.55647614181447
838 114.05647614181447
839 115.55647614181447
840 117.05647614181447
841 118.55647614181447
842 120.05647614181447
843 121.55647614181447
844 123.05647614181447
845 124.55647614181447
846 126.05647614181447
847 127.55647614181447
848 129.05647614181447
849 129.06035041465182
850 129.06422457118705
851 129.06809861143068
852 129.07197253539314
853 129.07584634308492
854 12.907584634308492
855 14.407584634308492
856 15.907584634308492
857 17.407584634308492
858 18.907584634308492
859 20.407584634308492
860 21.907584634308492
861 23.407584634308492
862 24.907584634308492
863 26.407584634308492
864 27.907584634308492
865 29.407584634308492
866 30.907584634308492
867 32.40758463430849
868 33.90758463430849
869 35.40758463430849
870 36.90758463430849
871 38.40758463430849
872 39.90758463430849
873 41.40758463430849
874 42.90758463430849
875 44.40758463430849
876 45.90758463430849
877 47.40758463430849
878 48.90758463430849
879 50.40758463430849
880 51.90758463430849
881 53.40758463430849
882 54.90758463430849
883 56.40758463430849
884 57.90758463430849
885 59.40758463430849
886 60.90758463430849
887 62.40758463430849
888 63.90758463430849
889 65.40758463430849
890 66.90758463430849
891 68.40758463430849
892 69.90758463430849
893 71.40758463430849
894 72.90758463430849
895 74.40758463430849
896 75.90758463430849
897 77.40758463430849
898 78.90758463430849
899 80.40758463430849
900 81.90758463430849
901 83.40758463430849
902 84.90758463430849
903 86.40758463430849
904 87.90758463430849
905 89.40758463430849
906 90.90758463430849
907 92.40758463430849
908 93.90758463430849
909 95.40758463430849
910 96.90758463430849
911 98.40758463430849
912 99.90758463430849
913 101.40758463430849
914 102.90758463430849
915 104.40758463430849
916 105.90758463430849
917 107.40758463430849
918 108.90758463430849
919 110.40758463430849
920 111.90758463430849
921 113.40758463430849
922 114.90758463430849
923 116.40758463430849
924 117.90758463430849
925 119.40758463430849
926 120.90758463430849
927 122.40758463430849
928 123.90758463430849
929 125.40758463430849
930 126.90758463430849
931 128.40758463430848
932 129.90758463430848
933 131.40758463430848
934 132.90758463430848
935 134.40758463430848
936 135.90758463430848
937 137.40758463430848
938 138.90758463430848
939 140.40758463430848
940 141.90758463430848
941 143.40758463430848
942 144.90758463430848
943 146.40758463430848
944 147.90758463430848
945 149.40758463430848
946 150.90758463430848
947 152.40758463430848
948 153.90758463430848
949 155.40758463430848
950 156.90758463430848
951 158.40758463430848
952 159.90758463430848
953 161.40758463430848
954 162.90758463430848
955 164.40758463430848
956 165.90758463430848
957 167.40758463430848
958 168.90758463430848
959 170.40758463430848
960 171.90758463430848
961 173.40758463430848
962 174.90758463430848
963 176.40758463430848
964 177.90758463430848
965 179.40758463430848
966 179.41037158448685
967 179.4131584913729
968 179.41594535496867
969 179.41873217527615
970 179.42151895229736
971 179.42430568603433
972 179.42709237648904
973 179.42987902366355
974 179.43266562755986
975 179.43545218817997
976 179.43823870552592
977 179.4410251795997
978 179.44381161040337
979 179.4465979979389
980 179.44938434220833
981 179.45217064321366
982 179.45495690095692
983 17.945495690095694
984 19.445495690095694
985 20.945495690095694
986 22.445495690095694
987 23.945495690095694
988 25.445495690095694
989 26.945495690095694
990 28.445495690095694
991 29.945495690095694
992 31.445495690095694
993 32.9454956900957
994 34.4454956900957
995 35.9454956900957
996 37.4454956900957
997 38.9454956900957
998 40.4454956900957
999 41.9454956900957
1000 43.4454956900957
1001 44.9454956900957
1002 46.4454956900957
1003 47.9454956900957
1004 49.4454956900957
1005 50.9454956900957
1006 52.4454956900957
1007 53.9454956900957
1008 55.4454956900957
1009 56.9454956900957
1010 58.4454956900957
1011 59.9454956900957
1012 61.4454956900957
1013 62.9454956900957
1014 64.4454956900957
1015 65.9454956900957
1016 67.4454956900957
1017 68.9454956900957
1018 70.4454956900957
1019 71.9454956900957
1020 73.4454956900957
1021 74.9454956900957
1022 76.4454956900957
1023 77.9454956900957
1024 79.4454956900957
1025 80.9454956900957
1026 82.4454956900957
1027 83.9454956900957
1028 85.4454956900957
1029 86.9454956900957
1030 88.4454956900957
1031 89.9454956900957
1032 91.4454956900957
1033 92.9454956900957
1034 94.4454956900957
1035 95.9454956900957
1036 97.4454956900957
1037 98.9454956900957
1038 100.4454956900957
1039 101.9454956900957
1040 103.4454956900957
1041 104.9454956900957
1042 106.4454956900957
1043 107.9454956900957
1044 109.4454956900957
1045 110.9454956900957
1046 112.4454956900957
