1 5.0
2 6.0
3 7.0
4 8.0
5 9.0
6 10.0
7 11.0
8 12.0
9 13.0
10 14.0
11 15.0
12 16.0
13 17.0
14 18.0
15 19.0
16 20.0
17 21.0
18 22.0
19 23.0
20 24.0
21 25.0
22 26.0
23 27.0
24 28.0
25 29.0
26 30.0
27 31.0
28 32.0
29 33.0
30 34.0
31 35.0
32 36.0
33 37.0
34 38.0
35 39.0
36 40.0
37 41.0
38 42.0
39 43.0
40 44.0
41 45.0
42 46.0
43 47.0
44 48.0
45 49.0
46 50.0
47 51.0
48 52.0
49 53.0
50 54.0
51 55.0
52 56.0
53 57.0
54 58.0
55 59.0
56 60.0
57 61.0
58 62.0
59 63.0
60 64.0
61 65.0
62 66.0
63 67.0
64 68.0
65 69.0
66 70.0
67 71.0
68 72.0
69 73.0
70 74.0
71 75.0
72 76.0
73 77.0
74 78.0
75 79.0
76 80.0
77 81.0
78 82.0
79 83.0
80 84.0
81 85.0
82 86.0
83 87.0
84 88.0
85 89.0
86 90.0
87 91.0
88 92.0
89 93.0
90 94.0
91 95.0
92 96.0
93 97.0
94 98.0
95 99.0
96 100.0
97 101.0
98 102.0
99 103.0
100 104.0
101 105.0
102 106.0
103 107.0
104 108.0
105 109.0
106 110.0
107 111.0
108 112.0
109 113.0
110 114.0
111 115.0
112 34.5
113 35.5
114 36.5
115 37.5
116 38.5
117 39.5
118 40.5
119 41.5
120 42.5
121 43.5
122 44.5
123 45.5
124 46.5
125 47.5
126 48.5
127 49.5
128 50.5
129 51.5
130 52.5
131 53.5
132 54.5
133 55.5
134 56.5
135 57.5
136 58.5
137 59.5
138 60.5
139 61.5
140 62.5
141 63.5
142 64.5
143 65.5
144 66.5
145 67.5
146 68.5
147 69.5
148 70.5
149 71.5
150 72.5
151 73.5
152 74.5
153 75.5
154 76.5
155 77.5
156 78.5
157 79.5
158 80.5
159 81.5
160 82.5
161 83.5
162 84.5
163 85.5
164 86.5
165 87.5
166 88.5
167 89.5
168 90.5
169 91.5
170 92.5
171 93.5
172 94.5
173 95.5
174 96.5
175 97.5
176 98.5
177 99.5
178 100.5
179 101.5
180 102.5
181 103.5
182 104.5
183 105.5
184 106.5
185 107.5
186 108.5
187 109.5
188 110.5
189 111.5
190 112.5
191 113.5
192 114.5
193 115.5
194 116.5
195 117.5
196 118.5
197 119.5
198 120.5
199 121.5
200 122.5
201 123.5
202 124.5
203 125.5
204 126.5
205 127.5
206 127.50784313725491
207 127.51568579207046
208 127.52352796453566
209 127.5313696547395
210 127.53921086277097
211 127.54705158871897
212 127.55489183267242
213 127.56273159472022
214 127.5705708749512
215 127.57840967345419
216 127.58624799031799
217 127.59408582563137
218 128.59408582563137
219 129.59408582563137
220 130.59408582563137
221 131.59408582563137
222 132.59408582563137
223 133.59408582563137
224 134.59408582563137
225 135.59408582563137
226 136.59408582563137
227 137.59408582563137
228 138.59408582563137
229 139.59408582563137
230 140.59408582563137
231 141.59408582563137
232 142.59408582563137
233 143.59408582563137
234 144.59408582563137
235 145.59408582563137
236 146.59408582563137
237 147.59408582563137
238 148.59408582563137
239 149.59408582563137
240 150.59408582563137
241 151.59408582563137
242 152.59408582563137
243 153.59408582563137
244 154.59408582563137
245 155.59408582563137
246 156.59408582563137
247 157.59408582563137
248 158.59408582563137
249 159.59408582563137
250 160.59408582563137
251 161.59408582563137
252 162.59408582563137
253 163.59408582563137
254 164.59408582563137
255 165.59408582563137
256 166.59408582563137
257 167.59408582563137
258 168.59408582563137
259 169.59408582563137
260 170.59408582563137
261 171.59408582563137
262 172.59408582563137
263 173.59408582563137
264 174.59408582563137
265 175.59408582563137
266 176.59408582563137
267 177.59408582563137
268 178.59408582563137
269 179.59408582563137
270 180.59408582563137
271 181.59408582563137
272 182.59408582563137
273 183.59408582563137
274 184.59408582563137
275 185.59408582563137
276 185.59947392835863
277 185.60486187466492
278 185.61024966456384
279 185.61563729806903
280 185.62102477519412
281 185.6264120959527
282 185.6317992603584
283 185.63718626842484
284 185.6425731201656
285 185.6479598155943
286 185.65334635472456
287 185.65873273756998
288 185.66411896414417
289 185.6695050344607
290 185.6748909485332
291 185.68027670637525
292 185.68566230800047
293 185.69104775342242
294 185.69643304265472
295 185.70181817571094
296 185.70720315260468
297 185.7125879733495
298 185.717972637959
299 185.72335714644677
300 185.72874149882637
301 185.7341256951114
302 185.7395097353154
303 185.744893619452
304 185.7502773475347
305 185.75566091957714
306 185.76104433559283
307 185.76642759559536
308 185.7718106995983
309 185.77719364761518
310 185.78257643965958
311 185.78795907574508
312 185.7933415558852
313 185.79872388009352
314 185.80410604838357
315 185.80948806076893
316 185.8148699172631
317 185.82025161787968
318 185.82563316263216
319 185.8310145515341
320 185.83639578459906
321 185.84177686184057
322 185.84715778327217
323 185.85253854890738
324 185.85791915875973
325 185.86329961284275
326 185.86867991116998
327 185.87406005375493
328 185.87944004061114
329 185.88481987175214
330 185.89019954719143
331 185.89557906694253
332 185.90095843101895
333 185.9063376394342
334 185.91171669220185
335 185.91709558933536
336 185.92247433084825
337 185.927852916754
338 185.93323134706614
339 185.93860962179818
340 185.9439877409636
341 185.9493657045759
342 185.9547435126486
343 185.96012116519518
344 185.96549866222912
345 185.97087600376395
346 186.97087600376395
347 187.97087600376395
348 188.97087600376395
349 189.97087600376395
350 190.97087600376395
351 191.97087600376395
352 192.97087600376395
353 193.97087600376395
354 194.97087600376395
355 195.97087600376395
356 196.97087600376395
357 197.97087600376395
358 198.97087600376395
359 199.97087600376395
360 200.97087600376395
361 201.97087600376395
362 202.97087600376395
363 203.97087600376395
364 204.97087600376395
365 205.97087600376395
366 206.97087600376395
367 207.97087600376395
368 208.97087600376395
369 209.97087600376395
370 210.97087600376395
371 211.97087600376395
372 212.97087600376395
373 213.97087600376395
374 214.97087600376395
375 215.97087600376395
376 216.97087600376395
377 217.97087600376395
378 218.97087600376395
379 219.97087600376395
380 220.97087600376395
381 221.97087600376395
382 222.97087600376395
383 223.97087600376395
384 224.97087600376395
385 225.97087600376395
386 226.97087600376395
387 227.97087600376395
388 228.97087600376395
389 229.97087600376395
390 230.97087600376395
391 231.97087600376395
392 232.97087600376395
393 233.97087600376395
394 234.97087600376395
395 235.97087600376395
396 236.97087600376395
397 237.97087600376395
398 238.97087600376395
399 239.97087600376395
400 240.97087600376395
401 241.97087600376395
402 242.97087600376395
403 243.97087600376395
404 243.97497485366102
405 243.97907363469625
406 243.9831723468731
407 243.98727099019501
408 243.9913695646655
409 243.99546807028798
410 243.99956650706596
411 244.0036648750029
412 244.00776317410228
413 244.01186140436755
414 244.01595956580218
415 244.02005765840966
416 244.02415568219342
417 244.02825363715695
418 244.03235152330373
419 244.0364493406372
420 244.04054708916084
421 244.0446447688781
422 244.0487423797925
423 244.05283992190743
424 244.0569373952264
425 244.0610347997529
426 244.06513213549033
427 244.0692294024422
428 244.07332660061195
429 244.07742373000306
430 244.08152079061898
431 244.08561778246317
432 244.0897147055391
433 244.09381155985025
434 244.09790834540007
435 244.10200506219203
436 244.10610171022958
437 244.11019828951618
438 244.1142948000553
439 244.1183912418504
440 244.1224876149049
441 244.12658391922236
442 244.13068015480616
443 244.13477632165976
444 244.13887241978665
445 244.14296844919028
446 244.1470644098741
447 244.15116030184157
448 244.15525612509617
449 244.15935187964135
450 244.16344756548054
451 244.1675431826172
452 244.17163873105483
453 244.17573421079686
454 244.17982962184675
455 244.18392496420793
456 244.1880202378839
457 244.1921154428781
458 244.19621057919397
459 244.20030564683498
460 244.20440064580458
461 244.20849557610623
462 244.2125904377434
463 244.2166852307195
464 244.220779955038
465 244.2248746107024
466 244.22896919771608
467 244.23306371608254
468 244.23715816580523
469 244.24125254688758
470 244.24534685933304
471 244.24944110314507
472 244.25353527832715
473 244.2576293848827
474 244.26172342281518
475 244.26581739212804
476 244.26991129282473
477 244.2740051249087
478 244.27809888838343
479 244.2821925832523
480 244.28628620951883
481 244.29037976718644
482 244.29447325625856
483 244.29856667673866
484 244.30266002863016
485 244.30675331193655
486 244.31084652666124
487 244.3149396728077
488 244.31903275037936
489 244.3231257593797
490 244.32721869981214
491 244.33131157168012
492 244.3354043749871
493 244.33949710973653
494 244.34358977593183
495 244.34768237357648
496 244.3517749026739
497 244.35586736322753
498 244.35995975524082
499 244.36405207871724
500 244.36814433366018
501 244.37223652007313
502 244.37632863795952
503 244.38042068732278
504 244.38451266816637
505 244.3886045804937
506 244.39269642430827
507 244.39678819961347
508 244.40087990641274
509 244.40497154470955
510 244.40906311450735
511 244.41315461580953
512 244.41724604861957
513 244.4213374129409
514 244.42542870877693
515 244.42951993613116
516 244.433611095007
517 244.43770218540786
518 244.4417932073372
519 244.44588416079847
520 244.4499750457951
521 244.4540658623305
522 244.45815661040817
523 244.46224729003148
524 244.4663379012039
525 244.47042844392885
526 244.47451891820978
527 244.47860932405013
528 244.48269966145332
529 244.48678993042282
530 244.490880130962
531 244.49497026307435
532 245.49497026307435
533 246.49497026307435
534 247.49497026307435
535 248.49497026307435
536 249.49497026307435
537 250.49497026307435
538 251.49497026307435
539 252.49497026307435
540 253.49497026307435
541 254.49497026307435
542 255.49497026307435
543 256.4949702630744
544 257.4949702630744
545 258.4949702630744
546 259.4949702630744
547 260.4949702630744
548 261.4949702630744
549 262.4949702630744
550 263.4949702630744
551 264.4949702630744
552 265.4949702630744
553 266.4949702630744
554 267.4949702630744
555 268.4949702630744
556 269.4949702630744
557 270.4949702630744
558 271.4949702630744
559 272.4949702630744
560 273.4949702630744
561 274.4949702630744
562 275.4949702630744
563 276.4949702630744
564 277.4949702630744
565 278.4949702630744
566 279.4949702630744
567 280.4949702630744
568 281.4949702630744
569 282.4949702630744
570 283.4949702630744
571 284.4949702630744
572 285.4949702630744
573 286.4949702630744
574 287.4949702630744
575 288.4949702630744
576 289.4949702630744
577 290.4949702630744
578 291.4949702630744
579 292.4949702630744
580 293.4949702630744
581 294.4949702630744
582 295.4949702630744
583 296.4949702630744
584 297.4949702630744
585 298.4949702630744
586 299.4949702630744
587 300.4949702630744
588 301.4949702630744
589 302.4949702630744
590 302.4982761031653
591 302.5015819071285
592 302.5048876749652
593 302.50819340667647
594 302.51149910226354
595 302.51480476172765
596 302.5181103850699
597 302.52141597229155
598 302.52472152339374
599 302.5280270383777
600 302.5313325172445
601 302.53463795999545
602 302.5379433666317
603 302.5412487371544
604 302.54455407156473
605 302.54785936986394
606 302.55116463205314
607 302.55446985813353
608 302.55777504810635
609 302.56108020197274
610 302.56438531973384
611 302.5676904013909
612 302.57099544694506
613 302.57430045639757
614 302.57760542974955
615 302.5809103670022
616 302.5842152681567
617 302.58752013321424
618 302.590824962176
619 302.5941297550431
620 302.59743451181686
621 302.60073923249837
622 302.6040439170888
623 302.6073485655894
624 302.6106531780013
625 302.6139577543257
626 302.6172622945638
627 302.6205667987167
628 302.62387126678567
629 302.62717569877185
630 302.63048009467644
631 302.63378445450064
632 302.6370887782456
633 302.6403930659125
634 302.6436973175026
635 302.6470015330169
636 302.65030571245677
637 302.65360985582333
638 302.65691396311774
639 302.6602180343412
640 302.66352206949483
641 302.6668260685799
642 302.6701300315975
643 302.6734339585489
644 302.67673784943526
645 302.68004170425775
646 302.6833455230175
647 302.68664930571583
648 302.6899530523538
649 302.6932567629326
650 302.69656043745346
651 302.6998640759175
652 302.70316767832594
653 302.70647124467996
654 302.70977477498076
655 302.71307826922947
656 302.7163817274273
657 302.7196851495754
658 302.72298853567503
659 302.7262918857273
660 302.72959519973335
661 302.73289847769445
662 302.73620171961176
663 302.7395049254864
664 302.7428080953197
665 302.74611122911267
666 302.74941432686654
667 302.75271738858254
668 302.7560204142618
669 302.7593234039055
670 302.7626263575149
671 302.765929275091
672 302.76923215663516
673 302.77253500214846
674 302.77583781163213
675 302.7791405850873
676 302.78244332251523
677 302.78574602391706
678 302.7890486892939
679 302.79235131864704
680 302.7956539119776
681 302.79895646928674
682 302.80225899057564
683 302.80556147584554
684 302.80886392509757
685 302.8121663383329
686 302.8154687155527
687 302.8187710567582
688 302.8220733619505
689 302.8253756311309
690 302.82867786430046
691 302.8319800614604
692 302.8352822226119
693 302.8385843477562
694 302.84188643689436
695 302.8451884900276
696 302.8484905071572
697 302.8517924882842
698 302.8550944334099
699 302.85839634253534
700 302.86169821566176
701 302.8650000527904
702 302.86830185392233
703 302.8716036190588
704 302.87490534820097
705 302.87820704135
706 302.88150869850705
707 302.88481031967336
708 302.88811190485006
709 302.89141345403834
710 302.8947149672394
711 302.89801644445436
712 302.9013178856844
713 302.9046192909308
714 302.90792066019463
715 302.9112219934771
716 302.9145232907794
717 302.9178245521027
718 302.92112577744814
719 302.92442696681695
720 302.92772812021025
721 302.9310292376293
722 302.9343303190752
723 302.93763136454913
724 302.9409323740523
725 302.94423334758585
726 302.947534285151
727 302.95083518674886
728 302.9541360523807
729 302.95743688204766
730 302.96073767575086
731 302.9640384334915
732 302.9673391552708
733 302.9706398410899
734 302.97394049095
735 302.9772411048522
736 302.9805416827978
737 302.9838422247879
738 302.9871427308237
739 302.99044320090627
740 302.99374363503694
741 302.9970440332168
742 303.00034439544703
743 303.00364472172885
744 303.00694501206334
745 303.01024526645176
746 303.01354548489525
747 303.016845667395
748 303.0201458139522
749 303.02344592456797
750 303.02674599924353
751 303.03004603798007
752 303.0333460407787
753 303.0366460076407
754 303.0399459385671
755 303.0432458335592
756 303.04654569261805
757 303.04984551574495
758 303.053145302941
759 303.0564450542074
760 303.0597447695453
761 303.0630444489559
762 303.0663440924404
763 303.06964369999986
764 303.07294327163555
765 303.07624280734865
766 303.0795423071403
767 303.08284177101166
768 303.08614119896396
769 303.0894405909983
770 303.09273994711594
771 303.09603926731796
772 303.0993385516056
773 303.10263779998
774 303.1059370124424
775 303.10923618899386
776 303.1125353296356
777 304.1125353296356
778 305.1125353296356
779 306.1125353296356
780 307.1125353296356
781 308.1125353296356
782 309.1125353296356
783 310.1125353296356
784 311.1125353296356
785 312.1125353296356
786 313.1125353296356
787 314.1125353296356
788 315.1125353296356
789 316.1125353296356
790 317.1125353296356
791 318.1125353296356
792 319.1125353296356
793 320.1125353296356
794 321.1125353296356
795 322.1125353296356
796 323.1125353296356
797 324.1125353296356
798 325.1125353296356
799 326.1125353296356
800 327.1125353296356
801 328.1125353296356
802 329.1125353296356
803 330.1125353296356
804 331.1125353296356
805 332.1125353296356
806 333.1125353296356
807 334.1125353296356
808 335.1125353296356
809 336.1125353296356
810 337.1125353296356
811 338.1125353296356
812 339.1125353296356
813 340.1125353296356
814 341.1125353296356
815 342.1125353296356
816 343.1125353296356
817 344.1125353296356
818 345.1125353296356
819 346.1125353296356
820 347.1125353296356
821 348.1125353296356
822 349.1125353296356
823 350.1125353296356
824 351.1125353296356
825 352.1125353296356
826 353.1125353296356
827 354.1125353296356
828 355.1125353296356
829 356.1125353296356
830 357.1125353296356
831 358.1125353296356
832 359.1125353296356
833 360.1125353296356
834 361.1125353296356
835 361.115304549483
836 361.1180737480947
837 361.120842925471
838 361.12361208161246
839 361.1263812165196
840 361.12915033019283
841 361.13191942263273
842 361.13468849383975
843 361.1374575438143
844 361.140226572557
845 361.1429955800683
846 361.14576456634865
847 361.1485335313985
848 361.1513024752185
849 361.15407139780893
850 361.1568402991704
851 361.1596091793034
852 361.1623780382084
853 361.16514687588585
854 361.1679156923363
855 361.1706844875602
856 361.17345326155805
857 361.17622201433034
858 361.17899074587757
859 361.1817594562002
860 361.18452814529877
861 361.1872968131737
862 361.1900654598255
863 361.1928340852547
864 361.19560268946174
865 361.1983712724471
866 361.2011398342113
867 361.2039083747548
868 361.20667689407816
869 361.2094453921818
870 361.2122138690662
871 361.21498232473186
872 361.2177507591793
873 361.220519172409
874 361.2232875644214
875 361.22605593521706
876 361.2288242847964
877 361.23159261316
878 361.23436092030823
879 361.23712920624166
880 361.2398974709607
881 361.24266571446594
882 361.2454339367578
883 361.2482021378368
884 361.2509703177034
885 361.2537384763581
886 361.2565066138014
887 361.2592747300337
888 361.26204282505563
889 361.2648108988676
890 361.2675789514701
891 361.27034698286366
892 361.2731149930487
893 361.27588298202573
894 361.27865094979524
895 361.2814188963577
896 361.28418682171366
897 361.28695472586355
898 361.2897226088079
899 361.29249047054714
900 361.2952583110818
901 361.2980261304124
902 361.30079392853935
903 361.3035617054632
904 361.3063294611844
905 361.3090971957035
906 361.31186490902087
907 361.3146326011371
908 361.31740027205257
909 361.3201679217679
910 361.3229355502835
911 361.32570315759983
912 361.32847074371745
913 361.33123830863684
914 361.3340058523584
915 361.33677337488274
916 361.33954087621026
917 361.3423083563415
918 361.3450758152769
919 361.347843253017
920 361.35061066956223
921 361.3533780649131
922 361.3561454390701
923 361.35891279203366
924 361.3616801238044
925 361.36444743438267
926 361.36721472376905
927 361.369981991964
928 361.37274923896797
929 361.3755164647815
930 361.3782836694051
931 361.38105085283917
932 361.3838180150842
933 361.38658515614077
934 361.3893522760093
935 361.39211937469025
936 361.39488645218415
937 361.3976535084915
938 108.41929605254744
939 109.41929605254744
940 110.41929605254744
941 111.41929605254744
942 112.41929605254744
943 113.41929605254744
944 114.41929605254744
945 115.41929605254744
946 116.41929605254744
947 117.41929605254744
948 118.41929605254744
949 119.41929605254744
950 120.41929605254744
951 121.41929605254744
952 122.41929605254744
953 123.41929605254744
954 124.41929605254744
955 125.41929605254744
956 126.41929605254744
957 127.41929605254744
958 128.41929605254745
959 129.41929605254745
960 130.41929605254745
961 131.41929605254745
962 132.41929605254745
963 133.41929605254745
964 134.41929605254745
965 135.41929605254745
966 136.41929605254745
967 137.41929605254745
968 138.41929605254745
969 139.41929605254745
970 140.41929605254745
971 141.41929605254745
972 142.41929605254745
973 143.41929605254745
974 144.41929605254745
975 145.41929605254745
976 146.41929605254745
977 147.41929605254745
978 148.41929605254745
979 149.41929605254745
980 150.41929605254745
981 151.41929605254745
982 152.41929605254745
983 153.41929605254745
984 154.41929605254745
985 155.41929605254745
986 156.41929605254745
987 157.41929605254745
988 158.41929605254745
989 159.41929605254745
990 160.41929605254745
991 161.41929605254745
992 162.41929605254745
993 163.41929605254745
994 164.41929605254745
995 165.41929605254745
996 166.41929605254745
997 167.41929605254745
998 168.41929605254745
999 169.41929605254745
1000 170.41929605254745
1001 171.41929605254745
1002 172.41929605254745
1003 173.41929605254745
1004 174.41929605254745
1005 175.41929605254745
1006 176.41929605254745
1007 177.41929605254745
1008 178.41929605254745
1009 179.41929605254745
1010 180.41929605254745
1011 181.41929605254745
1012 182.41929605254745
1013 183.41929605254745
1014 184.41929605254745
1015 185.41929605254745
1016 186.41929605254745
1017 187.41929605254745
1018 188.41929605254745
1019 189.41929605254745
1020 190.41929605254745
1021 191.41929605254745
1022 192.41929605254745
1023 193.41929605254745
1024 194.41929605254745
1025 195.41929605254745
1026 196.41929605254745
1027 197.41929605254745
1028 198.41929605254745
1029 199.41929605254745
1030 200.41929605254745
1031 201.41929605254745
1032 202.41929605254745
1033 203.41929605254745
1034 204.41929605254745
1035 205.41929605254745
1036 206.41929605254745
1037 207.41929605254745
1038 208.41929605254745
1039 209.41929605254745
1040 210.41929605254745
1041 211.41929605254745
1042 212.41929605254745
1043 213.41929605254745
1044 214.41929605254745
1045 215.41929605254745
1046 216.41929605254745
1047 217.41929605254745
