1 5.5
2 7.0
3 8.5
4 10.0
5 11.5
6 13.0
7 14.5
8 16.0
9 17.5
10 19.0
11 20.5
12 22.0
13 23.5
14 25.0
15 26.5
16 28.0
17 29.5
18 31.0
19 32.5
20 34.0
21 35.5
22 37.0
23 38.5
24 40.0
25 41.5
26 43.0
27 44.5
28 46.0
29 47.5
30 49.0
31 50.5
32 52.0
33 53.5
34 55.0
35 56.5
36 58.0
37 59.5
38 61.0
39 62.5
40 18.75
41 20.25
42 21.75
43 23.25
44 24.75
45 26.25
46 27.75
47 29.25
48 30.75
49 32.25
50 33.75
51 35.25
52 36.75
53 11.025
54 12.525
55 14.025
56 15.525
57 4.6575
58 6.1575
59 7.6575
60 9.157499999999999
61 10.657499999999999
62 12.157499999999999
63 13.657499999999999
64 15.157499999999999
65 16.6575
66 18.1575
67 19.6575
68 21.1575
69 22.6575
70 24.1575
71 24.178197505950532
72 24.198877294006568
73 24.219539409604955
74 24.24018389798865
75 24.260810804207853
76 25.760810804207853
77 27.260810804207853
78 28.760810804207853
79 30.260810804207853
80 31.760810804207853
81 33.26081080420785
82 34.76081080420785
83 36.26081080420785
84 36.27459979537795
85 36.28838354496638
86 36.30216205894677
87 36.31593534328141
88 36.329703403921286
89 36.343466246806095
90 36.3572238778643
91 36.370976303013144
92 10.911292890903942
93 12.411292890903942
94 13.911292890903942
95 15.411292890903942
96 16.911292890903944
97 18.411292890903944
98 19.911292890903944
99 21.411292890903944
100 22.911292890903944
101 24.411292890903944
102 25.911292890903944
103 27.411292890903944
104 28.911292890903944
105 30.411292890903944
106 31.911292890903944
107 33.411292890903944
108 34.911292890903944
109 36.411292890903944
110 37.911292890903944
111 39.411292890903944
112 40.911292890903944
113 42.411292890903944
114 43.911292890903944
115 45.411292890903944
116 46.911292890903944
117 48.411292890903944
118 49.911292890903944
119 51.411292890903944
120 52.911292890903944
121 54.411292890903944
122 55.911292890903944
123 55.92023562812477
124 55.92917693522736
125 55.93811681289763
126 55.94705526182097
127 55.95599228268221
128 55.96492787616564
129 55.973862042955
130 55.982794783733475
131 55.99172609918372
132 57.49172609918372
133 58.99172609918372
134 60.49172609918372
135 61.99172609918372
136 63.49172609918372
137 64.99172609918372
138 19.497517829755115
139 20.997517829755115
140 22.497517829755115
141 23.997517829755115
142 25.497517829755115
143 26.997517829755115
144 28.497517829755115
145 29.997517829755115
146 31.497517829755115
147 32.99751782975511
148 34.49751782975511
149 35.99751782975511
150 37.49751782975511
151 38.99751782975511
152 40.49751782975511
153 41.99751782975511
154 43.49751782975511
155 44.99751782975511
156 46.49751782975511
157 47.99751782975511
158 49.49751782975511
159 50.99751782975511
160 52.49751782975511
161 53.99751782975511
162 55.49751782975511
163 56.99751782975511
164 58.49751782975511
165 59.99751782975511
166 61.49751782975511
167 62.99751782975511
168 64.49751782975511
169 65.99751782975511
170 67.49751782975511
171 68.99751782975511
172 70.49751782975511
173 71.99751782975511
174 73.49751782975511
175 74.99751782975511
176 76.49751782975511
177 77.99751782975511
178 79.49751782975511
179 80.99751782975511
180 82.49751782975511
181 83.99751782975511
182 85.49751782975511
183 86.99751782975511
184 88.49751782975511
185 89.99751782975511
186 91.49751782975511
187 92.99751782975511
188 94.49751782975511
189 95.99751782975511
190 97.49751782975511
191 98.99751782975511
192 99.0025684614372
193 99.00761883546053
194 99.01266895186451
195 99.01771881068856
196 99.02276841197211
197 99.02781775575454
198 99.03286684207525
199 99.03791567097362
200 99.042964242489
201 99.04801255666078
202 99.05306061352829
203 99.05810841313088
204 99.06315595550788
205 99.0682032406986
206 99.07325026874234
207 99.07829703967843
208 99.08334355354614
209 100.58334355354614
210 102.08334355354614
211 103.58334355354614
212 105.08334355354614
213 106.58334355354614
214 108.08334355354614
215 109.58334355354614
216 111.08334355354614
217 112.58334355354614
218 114.08334355354614
219 115.58334355354614
220 117.08334355354614
221 118.58334355354614
222 120.08334355354614
223 121.58334355354614
224 123.08334355354614
225 124.58334355354614
226 126.08334355354614
227 127.58334355354614
228 129.08334355354614
229 130.58334355354614
230 132.08334355354614
231 133.58334355354614
232 135.08334355354614
233 136.58334355354614
234 138.08334355354614
235 139.58334355354614
236 141.08334355354614
237 142.58334355354614
238 144.08334355354614
239 145.58334355354614
240 147.08334355354614
241 148.58334355354614
242 148.58670866828945
243 148.59007370682136
244 148.59343866914708
245 148.59680355527178
246 148.60016836520063
247 148.60353309893884
248 148.60689775649155
249 148.61026233786393
250 148.61362684306118
251 148.61699127208846
252 148.62035562495095
253 148.6237199016538
254 148.62708410220222
255 148.63044822660135
256 148.63381227485638
257 148.63717624697247
258 148.6405401429548
259 148.6439039628085
260 148.6472677065388
261 148.65063137415083
262 148.65399496564976
263 148.65735848104075
264 148.66072192032897
265 148.6640852835196
266 148.6674485706178
267 148.67081178162874
268 148.67417491655758
269 148.67753797540945
270 148.68090095818957
271 148.68426386490304
272 148.68762669555508
273 148.69098945015082
274 148.6943521286954
275 148.69771473119405
276 148.70107725765186
277 148.704439708074
278 148.70780208246566
279 148.71116438083197
280 148.71452660317811
281 148.7178887495092
282 148.72125081983043
283 148.72461281414695
284 148.7279747324639
285 148.73133657478644
286 148.73469834111972
287 148.7380600314689
288 148.74142164583913
289 148.74478318423553
290 148.7481446466633
291 148.75150603312755
292 148.75486734363346
293 148.7582285781862
294 148.76158973679085
295 148.76495081945262
296 148.7683118261766
297 148.771672756968
298 148.77503361183193
299 148.77839439077354
300 148.78175509379798
301 148.7851157209104
302 148.78847627211593
303 148.79183674741972
304 148.7951971468269
305 148.79855747034262
306 148.80191771797203
307 148.80527788972026
308 148.80863798559247
309 150.30863798559247
310 151.80863798559247
311 153.30863798559247
312 154.80863798559247
313 156.30863798559247
314 157.80863798559247
315 159.30863798559247
316 160.80863798559247
317 162.30863798559247
318 48.69259139567774
319 50.19259139567774
320 51.69259139567774
321 53.19259139567774
322 54.69259139567774
323 56.19259139567774
324 57.69259139567774
325 59.19259139567774
326 60.69259139567774
327 62.19259139567774
328 63.69259139567774
329 65.19259139567774
330 66.69259139567774
331 68.19259139567774
332 69.69259139567774
333 71.19259139567774
334 72.69259139567774
335 74.19259139567774
336 75.69259139567774
337 77.19259139567774
338 78.69259139567774
339 80.19259139567774
340 81.69259139567774
341 83.19259139567774
342 84.69259139567774
343 86.19259139567774
344 87.69259139567774
345 89.19259139567774
346 90.69259139567774
347 92.19259139567774
348 93.69259139567774
349 95.19259139567774
350 96.69259139567774
351 98.19259139567774
352 99.69259139567774
353 101.19259139567774
354 102.69259139567774
355 104.19259139567774
356 105.69259139567774
357 107.19259139567774
358 108.69259139567774
359 110.19259139567774
360 111.69259139567774
361 113.19259139567774
362 114.69259139567774
363 116.19259139567774
364 117.69259139567774
365 119.19259139567774
366 120.69259139567774
367 122.19259139567774
368 123.69259139567774
369 125.19259139567774
370 126.69259139567774
371 128.19259139567774
372 129.69259139567774
373 131.19259139567774
374 132.69259139567774
375 134.19259139567774
376 135.69259139567774
377 137.19259139567774
378 138.69259139567774
379 140.19259139567774
380 141.69259139567774
381 143.19259139567774
382 144.69259139567774
383 146.19259139567774
384 147.69259139567774
385 149.19259139567774
386 150.69259139567774
387 152.19259139567774
388 153.69259139567774
389 155.19259139567774
390 156.69259139567774
391 158.19259139567774
392 159.69259139567774
393 161.19259139567774
394 162.69259139567774
395 164.19259139567774
396 165.69259139567774
397 167.19259139567774
398 168.69259139567774
399 170.19259139567774
400 171.69259139567774
401 173.19259139567774
402 174.69259139567774
403 176.19259139567774
404 177.69259139567774
405 179.19259139567774
406 180.69259139567774
407 182.19259139567774
408 183.69259139567774
409 185.19259139567774
410 186.69259139567774
411 188.19259139567774
412 189.69259139567774
413 191.19259139567774
414 192.69259139567774
415 194.19259139567774
416 195.69259139567774
417 197.19259139567774
418 198.69259139567774
419 200.19259139567774
420 201.69259139567774
421 203.19259139567774
422 204.69259139567774
423 206.19259139567774
424 207.69259139567774
425 209.19259139567774
426 210.69259139567774
427 212.19259139567774
428 213.69259139567774
429 215.19259139567774
430 216.69259139567774
431 218.19259139567774
432 219.69259139567774
433 221.19259139567774
434 222.69259139567774
435 224.19259139567774
436 225.69259139567774
437 227.19259139567774
438 228.69259139567774
439 230.19259139567774
440 231.69259139567774
441 233.19259139567774
442 234.69259139567774
443 236.19259139567774
444 237.69259139567774
445 239.19259139567774
446 240.69259139567774
447 242.19259139567774
448 243.69259139567774
449 245.19259139567774
450 245.19463060900452
451 245.19666980537176
452 245.19870898477984
453 245.20074814722923
454 245.20278729272033
455 245.20482642125359
456 245.2068655328294
457 245.2089046274482
458 245.2109437051104
459 245.21298276581643
460 245.21502180956674
461 245.2170608363617
462 245.21909984620177
463 245.22113883908736
464 245.22317781501891
465 245.22521677399683
466 245.22725571602155
467 245.22929464109347
468 245.23133354921305
469 245.2333724403807
470 245.2354113145968
471 245.23745017186184
472 245.2394890121762
473 245.2415278355403
474 245.24356664195457
475 245.24560543141945
476 245.24764420393535
477 245.2496829595027
478 245.2517216981219
479 245.25376041979342
480 245.25579912451764
481 245.25783781229498
482 245.25987648312588
483 245.26191513701076
484 245.26395377395005
485 245.26599239394417
486 245.26803099699353
487 245.27006958309858
488 245.2721081522597
489 245.27414670447735
490 245.27618523975192
491 246.77618523975192
492 248.27618523975192
493 249.77618523975192
494 251.27618523975192
495 252.77618523975192
496 254.27618523975192
497 255.77618523975192
498 76.73285557192557
499 78.23285557192557
500 79.73285557192557
501 81.23285557192557
502 82.73285557192557
503 84.23285557192557
504 85.73285557192557
505 87.23285557192557
506 88.73285557192557
507 90.23285557192557
508 91.73285557192557
509 93.23285557192557
510 94.73285557192557
511 96.23285557192557
512 97.73285557192557
513 99.23285557192557
514 100.73285557192557
515 102.23285557192557
516 103.73285557192557
517 105.23285557192557
518 106.73285557192557
519 108.23285557192557
520 109.73285557192557
521 111.23285557192557
522 112.73285557192557
523 114.23285557192557
524 115.73285557192557
525 117.23285557192557
526 118.73285557192557
527 120.23285557192557
528 121.73285557192557
529 123.23285557192557
530 124.73285557192557
531 126.23285557192557
532 127.73285557192557
533 129.23285557192557
534 130.73285557192557
535 132.23285557192557
536 133.73285557192557
537 135.23285557192557
538 136.73285557192557
539 138.23285557192557
540 139.73285557192557
541 141.23285557192557
542 142.73285557192557
543 144.23285557192557
544 145.73285557192557
545 147.23285557192557
546 148.73285557192557
547 150.23285557192557
548 151.73285557192557
549 153.23285557192557
550 154.73285557192557
551 156.23285557192557
552 157.73285557192557
553 159.23285557192557
554 160.73285557192557
555 162.23285557192557
556 163.73285557192557
557 165.23285557192557
558 166.73285557192557
559 168.23285557192557
560 169.73285557192557
561 171.23285557192557
562 172.73285557192557
563 174.23285557192557
564 175.73285557192557
565 177.23285557192557
566 178.73285557192557
567 180.23285557192557
568 181.73285557192557
569 183.23285557192557
570 184.73285557192557
571 186.23285557192557
572 187.73285557192557
573 189.23285557192557
574 190.73285557192557
575 192.23285557192557
576 193.73285557192557
577 195.23285557192557
578 196.73285557192557
579 198.23285557192557
580 199.73285557192557
581 201.23285557192557
582 202.73285557192557
583 204.23285557192557
584 205.73285557192557
585 207.23285557192557
586 208.73285557192557
587 210.23285557192557
588 211.73285557192557
589 213.23285557192557
590 214.73285557192557
591 216.23285557192557
592 217.73285557192557
593 219.23285557192557
594 220.73285557192557
595 222.23285557192557
596 223.73285557192557
597 225.23285557192557
598 226.73285557192557
599 228.23285557192557
600 229.73285557192557
601 231.23285557192557
602 232.73285557192557
603 234.23285557192557
604 235.73285557192557
605 237.23285557192557
606 238.73285557192557
607 240.23285557192557
608 241.73285557192557
609 243.23285557192557
610 244.73285557192557
611 246.23285557192557
612 247.73285557192557
613 249.23285557192557
614 250.73285557192557
615 252.23285557192557
616 253.73285557192557
617 255.23285557192557
618 256.7328555719256
619 258.2328555719256
620 259.7328555719256
621 261.2328555719256
622 262.7328555719256
623 264.2328555719256
624 265.7328555719256
625 267.2328555719256
626 268.7328555719256
627 270.2328555719256
628 271.7328555719256
629 273.2328555719256
630 274.7328555719256
631 276.2328555719256
632 277.7328555719256
633 279.2328555719256
634 280.7328555719256
635 282.2328555719256
636 283.7328555719256
637 285.2328555719256
638 286.7328555719256
639 288.2328555719256
640 289.7328555719256
641 291.2328555719256
642 292.7328555719256
643 294.2328555719256
644 295.7328555719256
645 297.2328555719256
646 298.7328555719256
647 300.2328555719256
648 301.7328555719256
649 303.2328555719256
650 304.7328555719256
651 306.2328555719256
652 307.7328555719256
653 309.2328555719256
654 310.7328555719256
655 312.2328555719256
656 313.7328555719256
657 315.2328555719256
658 316.7328555719256
659 318.2328555719256
660 319.7328555719256
661 321.2328555719256
662 322.7328555719256
663 324.2328555719256
664 325.7328555719256
665 327.2328555719256
666 328.7328555719256
667 330.2328555719256
668 331.7328555719256
669 333.2328555719256
670 334.7328555719256
671 336.2328555719256
672 337.7328555719256
673 339.2328555719256
674 340.7328555719256
675 342.2328555719256
676 343.7328555719256
677 345.2328555719256
678 346.7328555719256
679 348.2328555719256
680 349.7328555719256
681 351.2328555719256
682 352.7328555719256
683 354.2328555719256
684 355.7328555719256
685 357.2328555719256
686 358.7328555719256
687 360.2328555719256
688 361.7328555719256
689 363.2328555719256
690 364.7328555719256
691 366.2328555719256
692 367.7328555719256
693 369.2328555719256
694 370.7328555719256
695 372.2328555719256
696 111.66985667157768
697 113.16985667157768
698 114.66985667157768
699 116.16985667157768
700 117.66985667157768
701 119.16985667157768
702 120.66985667157768
703 122.16985667157768
704 123.66985667157768
705 125.16985667157768
706 126.66985667157768
707 38.0009570014733
708 39.5009570014733
709 41.0009570014733
710 42.5009570014733
711 44.0009570014733
712 45.5009570014733
713 47.0009570014733
714 48.5009570014733
715 50.0009570014733
716 51.5009570014733
717 53.0009570014733
718 54.5009570014733
719 56.0009570014733
720 57.5009570014733
721 59.0009570014733
722 60.5009570014733
723 62.0009570014733
724 63.5009570014733
725 65.0009570014733
726 66.5009570014733
727 68.0009570014733
728 69.5009570014733
729 71.0009570014733
730 72.5009570014733
731 74.0009570014733
732 75.5009570014733
733 77.0009570014733
734 78.5009570014733
735 80.0009570014733
736 81.5009570014733
737 83.0009570014733
738 84.5009570014733
739 86.0009570014733
740 87.5009570014733
741 89.0009570014733
742 90.5009570014733
743 92.0009570014733
744 93.5009570014733
745 95.0009570014733
746 96.5009570014733
747 98.0009570014733
748 99.5009570014733
749 101.0009570014733
750 102.5009570014733
751 104.0009570014733
752 105.5009570014733
753 107.0009570014733
754 108.5009570014733
755 110.0009570014733
756 111.5009570014733
757 113.0009570014733
758 114.5009570014733
759 116.0009570014733
760 117.5009570014733
761 119.0009570014733
762 120.5009570014733
763 122.0009570014733
764 123.5009570014733
765 125.0009570014733
766 126.5009570014733
767 128.0009570014733
768 129.5009570014733
769 131.0009570014733
770 132.5009570014733
771 134.0009570014733
772 135.5009570014733
773 137.0009570014733
774 138.5009570014733
775 140.0009570014733
776 141.5009570014733
777 143.0009570014733
778 144.5009570014733
779 146.0009570014733
780 147.5009570014733
781 149.0009570014733
782 150.5009570014733
783 152.0009570014733
784 153.5009570014733
785 155.0009570014733
786 156.5009570014733
787 158.0009570014733
788 159.5009570014733
789 161.0009570014733
790 162.5009570014733
791 164.0009570014733
792 165.5009570014733
793 167.0009570014733
794 168.5009570014733
795 170.0009570014733
796 171.5009570014733
797 173.0009570014733
798 174.5009570014733
799 176.0009570014733
800 177.5009570014733
801 179.0009570014733
802 180.5009570014733
803 182.0009570014733
804 183.5009570014733
805 185.0009570014733
806 186.5009570014733
807 188.0009570014733
808 189.5009570014733
809 191.0009570014733
810 192.5009570014733
811 192.50355439115793
812 192.5061517457968
813 192.50874906539136
814 192.51134634994298
815 192.5139435994531
816 192.51654081392314
817 192.51913799335452
818 192.52173513774864
819 192.5243322471069
820 192.5269293214308
821 192.5295263607217
822 192.532123364981
823 192.53472033421014
824 192.53731726841053
825 192.53991416758362
826 192.54251103173078
827 192.54510786085345
828 192.54770465495304
829 192.55030141403097
830 192.55289813808866
831 192.55549482712755
832 192.55809148114903
833 192.56068810015452
834 192.56328468414543
835 192.56588123312318
836 192.5684777470892
837 192.57107422604489
838 192.57367066999166
839 192.57626707893095
840 192.57886345286417
841 192.58145979179272
842 192.58405609571804
843 192.58665236464154
844 194.08665236464154
845 195.58665236464154
846 197.08665236464154
847 198.58665236464154
848 200.08665236464154
849 201.58665236464154
850 203.08665236464154
851 204.58665236464154
852 206.08665236464154
853 207.58665236464154
854 209.08665236464154
855 210.58665236464154
856 212.08665236464154
857 213.58665236464154
858 215.08665236464154
859 216.58665236464154
860 218.08665236464154
861 219.58665236464154
862 221.08665236464154
863 222.58665236464154
864 224.08665236464154
865 225.58665236464154
866 227.08665236464154
867 228.58665236464154
868 230.08665236464154
869 231.58665236464154
870 233.08665236464154
871 234.58665236464154
872 236.08665236464154
873 237.58665236464154
874 239.08665236464154
875 240.58665236464154
876 242.08665236464154
877 243.58665236464154
878 245.08665236464154
879 246.58665236464154
880 248.08665236464154
881 249.58665236464154
882 251.08665236464154
883 252.58665236464154
884 254.08665236464154
885 255.58665236464154
886 257.0866523646415
887 258.5866523646415
888 260.0866523646415
889 261.5866523646415
890 263.0866523646415
891 264.5866523646415
892 266.0866523646415
893 267.5866523646415
894 269.0866523646415
895 270.5866523646415
896 272.0866523646415
897 273.5866523646415
898 275.0866523646415
899 276.5866523646415
900 278.0866523646415
901 279.5866523646415
902 281.0866523646415
903 282.5866523646415
904 284.0866523646415
905 285.5866523646415
906 287.0866523646415
907 288.5866523646415
908 288.58838494650524
909 288.59011751796714
910 288.59185007902744
911 288.5935826296863
912 288.59531516994394
913 288.5970476998005
914 288.5987802192562
915 288.60051272831123
916 288.60224522696575
917 288.60397771521997
918 288.60571019307406
919 288.60744266052825
920 288.6091751175827
921 288.6109075642376
922 288.6126400004931
923 288.61437242634946
924 288.6161048418068
925 288.61783724686535
926 288.61956964152523
927 288.6213020257867
928 288.6230343996499
929 288.6247667631151
930 288.6264991161824
931 288.62823145885204
932 288.62996379112417
933 288.63169611299895
934 288.6334284244766
935 288.63516072555734
936 288.63689301624134
937 288.6386252965288
938 288.6403575664199
939 288.64208982591475
940 288.64382207501365
941 288.64555431371673
942 288.6472865420242
943 288.64901875993615
944 288.6507509674529
945 288.65248316457456
946 288.6542153513014
947 288.6559475276335
948 288.6576796935711
949 288.6594118491144
950 288.66114399426357
951 288.6628761290188
952 288.66460825338027
953 288.6663403673482
954 288.66807247092277
955 288.66980456410414
956 288.6715366468925
957 288.673268719288
958 288.67500078129086
959 288.67673283290134
960 288.6784648741195
961 288.68019690494566
962 288.6819289253799
963 288.68366093542244
964 288.6853929350735
965 288.6871249243332
966 288.6888569032018
967 288.69058887167944
968 288.6923208297663
969 288.69405277746256
970 288.6957847147685
971 288.6975166416842
972 288.6992485582099
973 288.7009804643458
974 288.702712360092
975 288.70444424544877
976 288.7061761204163
977 288.70790798499473
978 288.70963983918426
979 288.7113716829851
980 288.71310351639744
981 288.7148353394214
982 288.7165671520573
983 288.71829895430517
984 288.7200307461653
985 288.72176252763785
986 288.723494298723
987 288.72522605942095
988 288.72695780973186
989 288.72868954965594
990 288.73042127919337
991 288.73215299834436
992 288.73388470710904
993 288.73561640548763
994 288.73734809348036
995 288.73907977108735
996 288.7408114383088
997 288.7425430951449
998 288.7442747415959
999 288.74600637766196
1000 288.7477380033432
1001 288.74946961863986
1002 288.75120122355213
1003 288.7529328180802
1004 288.7546644022242
1005 288.75639597598433
1006 288.7581275393608
1007 288.75985909235385
1008 288.76159063496357
1009 288.7633221671902
1010 288.76505368903395
1011 288.76678520049495
1012 288.7685167015734
1013 288.7702481922695
1014 288.7719796725834
1015 288.7737111425154
1016 288.7754426020656
1017 288.77717405123417
1018 288.7789054900213
1019 288.78063691842726
1020 288.7823683364522
1021 86.63471050093565
