1 5.5
2 7.0
3 8.5
4 10.0
5 11.5
6 13.0
7 14.5
8 16.0
9 17.5
10 19.0
11 20.5
12 22.0
13 23.5
14 25.0
15 26.5
16 28.0
17 29.5
18 31.0
19 32.5
20 34.0
21 35.5
22 37.0
23 38.5
24 40.0
25 41.5
26 43.0
27 44.5
28 46.0
29 47.5
30 49.0
31 50.5
32 52.0
33 53.5
34 55.0
35 56.5
36 58.0
37 59.5
38 61.0
39 62.5
40 64.0
41 65.5
42 67.0
43 68.5
44 70.0
45 71.5
46 73.0
47 74.5
48 76.0
49 77.5
50 79.0
51 80.5
52 82.0
53 83.5
54 85.0
55 86.5
56 88.0
57 89.5
58 91.0
59 92.5
60 94.0
61 95.5
62 97.0
63 98.5
64 100.0
65 101.5
66 103.0
67 104.5
68 106.0
69 107.5
70 109.0
71 110.5
72 112.0
73 113.5
74 115.0
75 116.5
76 118.0
77 119.5
78 121.0
79 122.5
80 124.0
81 125.5
82 127.0
83 128.5
84 130.0
85 131.5
86 133.0
87 134.5
88 136.0
89 137.5
90 139.0
91 140.5
92 142.0
93 143.5
94 145.0
95 146.5
96 148.0
97 149.5
98 151.0
99 152.5
100 154.0
101 155.5
102 157.0
103 158.5
104 160.0
105 161.5
106 163.0
107 164.5
108 166.0
109 167.5
110 169.0
111 170.5
112 172.0
113 173.5
114 175.0
115 176.5
116 178.0
117 179.5
118 181.0
119 182.5
120 184.0
121 185.5
122 187.0
123 188.5
124 190.0
125 191.5
126 193.0
127 194.5
128 196.0
129 197.5
130 199.0
131 200.5
132 202.0
133 203.5
134 205.0
135 206.5
136 208.0
137 209.5
138 211.0
139 212.5
140 214.0
141 215.5
142 217.0
143 218.5
144 220.0
145 221.5
146 223.0
147 224.5
148 226.0
149 227.5
150 229.0
151 230.5
152 232.0
153 233.5
154 235.0
155 236.5
156 238.0
157 239.5
158 241.0
159 242.5
160 244.0
161 245.5
162 247.0
163 248.5
164 250.0
165 251.5
166 253.0
167 254.5
168 256.0
169 257.5
170 259.0
171 260.5
172 262.0
173 263.5
174 265.0
175 266.5
176 268.0
177 269.5
178 271.0
179 272.5
180 274.0
181 275.5
182 277.0
183 278.5
184 280.0
185 281.5
186 283.0
187 284.5
188 286.0
189 287.5
190 289.0
191 290.5
192 292.0
193 293.5
194 295.0
195 296.5
196 298.0
197 299.5
198 301.0
199 302.5
200 304.0
201 305.5
202 307.0
203 308.5
204 310.0
205 311.5
206 313.0
207 314.5
208 316.0
209 317.5
210 319.0
211 320.5
212 322.0
213 323.5
214 325.0
215 326.5
216 328.0
217 329.5
218 331.0
219 332.5
220 334.0
221 335.5
222 337.0
223 338.5
224 340.0
225 341.5
226 343.0
227 344.5
228 346.0
229 347.5
230 349.0
231 350.5
232 352.0
233 353.5
234 355.0
235 356.5
236 358.0
237 359.5
238 361.0
239 362.5
240 364.0
241 365.5
242 367.0
243 368.5
244 370.0
245 371.5
246 373.0
247 374.5
248 376.0
249 377.5
250 379.0
251 380.5
252 382.0
253 383.5
254 385.0
255 386.5
256 388.0
257 389.5
258 391.0
259 392.5
260 394.0
261 395.5
262 397.0
263 398.5
264 400.0
265 401.5
266 403.0
267 404.5
268 406.0
269 407.5
270 409.0
271 410.5
272 412.0
273 413.5
274 415.0
275 416.5
276 418.0
277 419.5
278 421.0
279 422.5
280 424.0
281 425.5
282 427.0
283 428.5
284 430.0
285 431.5
286 433.0
287 434.5
288 436.0
289 437.5
290 439.0
291 440.5
292 442.0
293 443.5
294 445.0
295 446.5
296 448.0
297 449.5
298 451.0
299 452.5
300 454.0
301 455.5
302 457.0
303 458.5
304 460.0
305 461.5
306 463.0
307 464.5
308 466.0
309 467.5
310 469.0
311 470.5
312 472.0
313 473.5
314 475.0
315 476.5
316 478.0
317 479.5
318 481.0
319 482.5
320 484.0
321 485.5
322 487.0
323 488.5
324 490.0
325 491.5
326 493.0
327 494.5
328 496.0
329 497.5
330 499.0
331 500.5
332 502.0
333 503.5
334 505.0
335 506.5
336 508.0
337 509.5
338 511.0
339 512.5
340 514.0
341 515.5
342 517.0
343 518.5
344 520.0
345 521.5
346 523.0
347 524.5
348 526.0
349 527.5
350 529.0
351 530.5
352 532.0
353 533.5
354 535.0
355 536.5
356 538.0
357 539.5
358 541.0
359 542.5
360 544.0
361 545.5
362 547.0
363 548.5
364 550.0
365 551.5
366 553.0
367 554.5
368 556.0
369 557.5
370 559.0
371 560.5
372 562.0
373 563.5
374 565.0
375 566.5
376 568.0
377 569.5
378 571.0
379 572.5
380 574.0
381 575.5
382 577.0
383 578.5
384 580.0
385 581.5
386 583.0
387 584.5
388 586.0
389 587.5
390 589.0
391 590.5
392 592.0
393 593.5
394 595.0
395 596.5
396 598.0
397 599.5
398 601.0
399 602.5
400 604.0
401 605.5
402 607.0
403 608.5
404 610.0
405 611.5
406 613.0
407 614.5
408 616.0
409 617.5
410 619.0
411 620.5
412 622.0
413 623.5
414 625.0
415 626.5
416 628.0
417 629.5
418 631.0
419 632.5
420 634.0
421 635.5
422 637.0
423 638.5
424 640.0
425 641.5
426 643.0
427 644.5
428 646.0
429 647.5
430 649.0
431 650.5
432 652.0
433 653.5
434 655.0
435 656.5
436 658.0
437 659.5
438 661.0
439 662.5
440 664.0
441 665.5
442 667.0
443 668.5
444 670.0
445 671.5
446 673.0
447 674.5
448 676.0
449 677.5
450 679.0
451 680.5
452 682.0
453 683.5
454 685.0
455 686.5
456 688.0
457 689.5
458 691.0
459 692.5
460 694.0
461 695.5
462 697.0
463 698.5
464 700.0
465 701.5
466 703.0
467 704.5
468 706.0
469 707.5
470 709.0
471 710.5
472 712.0
473 713.5
474 715.0
475 716.5
476 718.0
477 719.5
478 721.0
479 722.5
480 724.0
481 725.5
482 727.0
483 728.5
484 730.0
485 731.5
486 733.0
487 734.5
488 736.0
489 737.5
490 739.0
491 740.5
492 742.0
493 743.5
494 745.0
495 746.5
496 748.0
497 749.5
498 751.0
499 752.5
500 754.0
501 755.5
502 757.0
503 758.5
504 760.0
505 761.5
506 763.0
507 764.5
508 766.0
509 767.5
510 769.0
511 770.5
512 772.0
513 773.5
514 775.0
515 776.5
516 778.0
517 779.5
518 781.0
519 782.5
520 784.0
521 785.5
522 787.0
523 788.5
524 790.0
525 791.5
526 793.0
527 794.5
528 796.0
529 797.5
530 799.0
531 800.5
532 802.0
533 803.5
534 805.0
535 806.5
536 808.0
537 809.5
538 811.0
539 812.5
540 814.0
541 815.5
542 817.0
543 818.5
544 820.0
545 821.5
546 823.0
547 824.5
548 826.0
549 827.5
550 829.0
551 830.5
552 832.0
553 833.5
554 835.0
555 836.5
556 838.0
557 839.5
558 841.0
559 842.5
560 844.0
561 845.5
562 847.0
563 848.5
564 850.0
565 851.5
566 853.0
567 854.5
568 856.0
569 857.5
570 859.0
571 860.5
572 862.0
573 863.5
574 865.0
575 866.5
576 868.0
577 869.5
578 871.0
579 872.5
580 874.0
581 875.5
582 877.0
583 878.5
584 880.0
585 881.5
586 883.0
587 884.5
588 886.0
589 887.5
590 889.0
591 890.5
592 892.0
593 893.5
594 895.0
595 896.5
596 898.0
597 899.5
598 901.0
599 902.5
600 904.0
601 905.5
602 907.0
603 908.5
604 910.0
605 911.5
606 913.0
607 914.5
608 916.0
609 917.5
610 919.0
611 920.5
612 922.0
613 923.5
614 925.0
615 926.5
616 928.0
617 929.5
618 931.0
619 932.5
620 934.0
621 935.5
622 937.0
623 938.5
624 940.0
625 941.5
626 943.0
627 944.5
628 946.0
629 947.5
630 949.0
631 950.5
632 952.0
633 953.5
634 955.0
635 956.5
636 958.0
637 959.5
638 961.0
639 962.5
640 964.0
641 965.5
642 967.0
643 968.5
644 970.0
645 971.5
646 973.0
647 974.5
648 976.0
649 977.5
650 979.0
651 980.5
652 982.0
653 983.5
654 985.0
655 986.5
656 988.0
657 989.5
658 991.0
659 992.5
660 994.0
661 995.5
662 997.0
663 998.5
664 1000.0
665 1001.5
666 1003.0
667 1004.5
668 1006.0
669 1007.5
670 1009.0
671 1010.5
672 1012.0
673 1013.5
674 1015.0
675 1016.5
676 1018.0
677 1019.5
678 1021.0
679 1022.5
680 1024.0
681 1024.0
682 1024.0
683 1024.0
684 1024.0
685 1024.0
686 1024.0
687 1024.0
688 1024.0
689 1024.0
690 1024.0
691 1024.0
692 1024.0
693 1024.0
694 1024.0
695 1024.0
696 1024.0
697 1024.0
698 1024.0
699 1024.0
700 1024.0
701 1024.0
702 1024.0
703 1024.0
704 1024.0
705 1024.0
706 1024.0
707 1024.0
708 1024.0
709 1024.0
710 1024.0
711 1024.0
712 1024.0
713 1024.0
714 1024.0
715 1024.0
716 1024.0
717 1024.0
718 1024.0
719 1024.0
720 1024.0
721 1024.0
722 1024.0
723 1024.0
724 1024.0
725 1024.0
726 1024.0
727 1024.0
728 1024.0
729 1024.0
730 1024.0
731 1024.0
732 1024.0
733 1024.0
734 1024.0
735 1024.0
736 1024.0
737 1024.0
738 1024.0
739 1024.0
740 1024.0
741 1024.0
742 1024.0
743 1024.0
744 1024.0
745 1024.0
746 1024.0
747 1024.0
748 1024.0
749 1024.0
750 1024.0
751 1024.0
752 1024.0
753 1024.0
754 1024.0
755 1024.0
756 1024.0
757 1024.0
758 1024.0
759 1024.0
760 1024.0
761 1024.0
762 1024.0
763 1024.0
764 1024.0
765 1024.0
766 1024.0
767 1024.0
768 1024.0
769 1024.0
770 1024.0
771 1024.0
772 1024.0
773 1024.0
774 1024.0
775 1024.0
776 1024.0
777 1024.0
778 1024.0
779 1024.0
780 1024.0
781 1024.0
782 1024.0
783 1024.0
784 1024.0
785 1024.0
786 1024.0
787 1024.0
788 1024.0
789 1024.0
790 1024.0
791 1024.0
792 1024.0
793 1024.0
794 1024.0
795 1024.0
796 1024.0
797 1024.0
798 1024.0
799 1024.0
800 1024.0
801 1024.0
802 1024.0
803 1024.0
804 1024.0
805 1024.0
806 1024.0
807 1024.0
808 1024.0
809 1024.0
810 1024.0
811 1024.0
812 1024.0
813 1024.0
814 1024.0
815 1024.0
816 1024.0
817 1024.0
818 1024.0
819 1024.0
820 1024.0
821 1024.0
822 1024.0
823 1024.0
824 1024.0
825 1024.0
826 1024.0
827 1024.0
828 1024.0
829 1024.0
830 1024.0
831 1024.0
832 1024.0
833 1024.0
834 1024.0
835 1024.0
836 1024.0
837 1024.0
838 1024.0
839 1024.0
840 1024.0
841 1024.0
842 1024.0
843 1024.0
844 1024.0
845 1024.0
846 1024.0
847 1024.0
848 1024.0
849 1024.0
850 1024.0
851 1024.0
852 1024.0
853 1024.0
854 1024.0
855 1024.0
856 1024.0
857 1024.0
858 1024.0
859 1024.0
860 1024.0
861 1024.0
862 1024.0
863 1024.0
864 1024.0
865 1024.0
866 1024.0
867 1024.0
868 1024.0
869 1024.0
870 1024.0
871 1024.0
872 1024.0
873 1024.0
874 1024.0
875 1024.0
876 1024.0
877 1024.0
878 1024.0
879 1024.0
880 1024.0
881 1024.0
882 1024.0
883 1024.0
884 1024.0
885 1024.0
886 1024.0
887 1024.0
888 1024.0
889 1024.0
890 1024.0
891 1024.0
892 1024.0
893 1024.0
894 1024.0
895 1024.0
896 1024.0
897 1024.0
898 1024.0
899 1024.0
900 1024.0
901 1024.0
902 1024.0
903 1024.0
904 1024.0
905 1024.0
906 1024.0
907 1024.0
908 1024.0
909 1024.0
910 1024.0
911 1024.0
912 1024.0
913 1024.0
914 1024.0
915 1024.0
916 1024.0
917 1024.0
918 1024.0
919 1024.0
920 1024.0
921 1024.0
922 1024.0
923 1024.0
924 1024.0
925 1024.0
926 1024.0
927 1024.0
928 1024.0
929 1024.0
930 1024.0
931 1024.0
932 1024.0
933 1024.0
934 1024.0
935 1024.0
936 1024.0
937 1024.0
938 1024.0
939 1024.0
940 1024.0
941 1024.0
942 1024.0
943 1024.0
944 1024.0
945 1024.0
946 1024.0
947 1024.0
948 1024.0
949 1024.0
950 1024.0
951 1024.0
952 1024.0
953 1024.0
954 1024.0
955 1024.0
956 1024.0
957 1024.0
958 1024.0
959 1024.0
960 1024.0
961 1024.0
962 1024.0
963 1024.0
964 1024.0
965 1024.0
966 1024.0
967 1024.0
968 1024.0
969 1024.0
970 1024.0
971 1024.0
972 1024.0
973 1024.0
974 1024.0
975 1024.0
976 1024.0
977 1024.0
978 1024.0
979 1024.0
980 1024.0
981 1024.0
982 1024.0
983 1024.0
984 1024.0
985 1024.0
986 1024.0
987 1024.0
988 1024.0
989 1024.0
990 1024.0
991 1024.0
992 1024.0
993 1024.0
994 1024.0
995 1024.0
996 1024.0
997 1024.0
998 1024.0
999 1024.0
1000 1024.0
1001 1024.0
1002 1024.0
1003 1024.0
1004 1024.0
1005 1024.0
1006 1024.0
1007 1024.0
1008 1024.0
1009 1024.0
1010 1024.0
1011 1024.0
1012 1024.0
1013 1024.0
1014 1024.0
1015 1024.0
1016 1024.0
1017 1024.0
1018 1024.0
1019 1024.0
1020 1024.0
1021 1024.0
1022 1024.0
1023 1024.0
1024 1024.0
1025 1024.0
1026 1024.0
1027 1024.0
1028 1024.0
1029 1024.0
1030 1024.0
1031 1024.0
1032 1024.0
1033 1024.0
1034 1024.0
1035 1024.0
1036 1024.0
1037 1024.0
1038 1024.0
1039 1024.0
1040 1024.0
1041 1024.0
1042 1024.0
1043 1024.0
1044 1024.0
1045 1024.0
1046 1024.0
1047 1024.0
1048 1024.0
1049 1024.0
1050 1024.0
1051 1024.0
1052 1024.0
1053 1024.0
1054 1024.0
1055 1024.0
1056 1024.0
1057 1024.0
1058 1024.0
1059 1024.0
1060 1024.0
1061 1024.0
1062 1024.0
1063 1024.0
1064 1024.0
1065 1024.0
1066 1024.0
1067 1024.0
1068 1024.0
1069 1024.0
1070 1024.0
1071 1024.0
1072 1024.0
1073 1024.0
1074 1024.0
1075 1024.0
1076 1024.0
1077 1024.0
1078 1024.0
1079 1024.0
1080 1024.0
1081 1024.0
1082 1024.0
1083 1024.0
1084 1024.0
1085 1024.0
1086 1024.0
1087 1024.0
1088 1024.0
1089 1024.0
1090 1024.0
1091 1024.0
1092 1024.0
1093 1024.0
1094 1024.0
1095 1024.0
1096 1024.0
1097 1024.0
1098 1024.0
1099 1024.0
1100 1024.0
1101 1024.0
1102 307.2
