1 5.0
2 6.0
3 7.0
4 8.0
5 9.0
6 10.0
7 11.0
8 12.0
9 13.0
10 14.0
11 15.0
12 16.0
13 17.0
14 18.0
15 19.0
16 20.0
17 21.0
18 22.0
19 23.0
20 24.0
21 25.0
22 26.0
23 27.0
24 28.0
25 29.0
26 30.0
27 31.0
28 32.0
29 33.0
30 34.0
31 35.0
32 36.0
33 37.0
34 38.0
35 39.0
36 40.0
37 41.0
38 42.0
39 43.0
40 44.0
41 45.0
42 46.0
43 47.0
44 48.0
45 49.0
46 50.0
47 51.0
48 52.0
49 53.0
50 54.0
51 55.0
52 56.0
53 57.0
54 58.0
55 59.0
56 60.0
57 61.0
58 62.0
59 63.0
60 64.0
61 65.0
62 66.0
63 67.0
64 68.0
65 69.0
66 70.0
67 71.0
68 72.0
69 73.0
70 74.0
71 75.0
72 76.0
73 77.0
74 78.0
75 79.0
76 80.0
77 81.0
78 82.0
79 83.0
80 84.0
81 85.0
82 86.0
83 87.0
84 88.0
85 89.0
86 90.0
87 91.0
88 9.1
89 10.1
90 11.1
91 12.1
92 13.1
93 14.1
94 15.1
95 16.1
96 17.1
97 18.1
98 19.1
99 20.1
100 21.1
101 22.1
102 2.2100000000000004
103 3.2100000000000004
104 4.210000000000001
105 5.210000000000001
106 6.210000000000001
107 7.210000000000001
108 8.21
109 9.21
110 10.21
111 11.21
112 12.21
113 13.21
114 14.21
115 15.21
116 16.21
117 17.21
118 18.21
119 19.21
120 20.21
121 21.21
122 22.21
123 23.21
124 24.21
125 25.21
126 26.21
127 27.21
128 28.21
129 29.21
130 30.21
131 31.21
132 32.21
133 33.21
134 34.21
135 35.21
136 35.23840102243681
137 35.2667791545593
138 35.295134451639804
139 35.32346696872853
140 35.35177676065482
141 35.380063882028395
142 35.40832838724055
143 35.43657033046542
144 35.464789765661166
145 35.49298674657118
146 35.521161326725284
147 35.54931355944093
148 36.54931355944093
149 37.54931355944093
150 38.54931355944093
151 39.54931355944093
152 40.54931355944093
153 41.54931355944093
154 42.54931355944093
155 43.54931355944093
156 44.54931355944093
157 45.54931355944093
158 46.54931355944093
159 47.54931355944093
160 47.570344357262016
161 47.591365857390116
162 47.612378072147656
163 47.633381013829855
164 47.65437469470482
165 47.675359127013635
166 47.696334322970436
167 47.717300294762495
168 47.7382570545503
169 47.75920461446765
170 47.78014298662172
171 47.80107218309315
172 47.82199221593613
173 47.84290309717848
174 47.86380483882172
175 47.88469745284117
176 47.905580951186025
177 47.9264553457794
178 47.94732064851847
179 47.968176871274494
180 47.98902402589293
181 48.0098621241935
182 48.03069117797027
183 48.05151119899172
184 49.05151119899172
185 50.05151119899172
186 51.05151119899172
187 52.05151119899172
188 53.05151119899172
189 54.05151119899172
190 55.05151119899172
191 56.05151119899172
192 57.05151119899172
193 58.05151119899172
194 59.05151119899172
195 60.05151119899172
196 60.068163569265735
197 60.08481132309372
198 60.101454464313264
199 60.118092996756666
200 60.134726924250906
201 60.151356250617674
202 60.16798097967338
203 60.184601115229164
204 60.201216661090896
205 60.21782762105919
206 60.234433998929426
207 60.25103579849174
208 60.26763302353107
209 60.28422567782711
210 60.300813765154366
211 60.31739728928216
212 60.33397625397462
213 60.3505506629907
214 60.3671205200842
215 60.38368582900377
216 60.4002465934929
217 60.41680281728997
218 60.43335450412822
219 60.44990165773578
220 60.466444281835685
221 60.48298238014586
222 60.49951595637917
223 60.51604501424339
224 60.53256955744122
225 60.54908958967034
226 60.565605114623345
227 60.582116135987825
228 60.59862265744633
229 60.61512468267639
230 60.63162221535054
231 60.64811525913631
232 60.664603817696246
233 61.664603817696246
234 62.664603817696246
235 63.664603817696246
236 64.66460381769625
237 65.66460381769625
238 66.66460381769625
239 67.66460381769625
240 68.66460381769625
241 69.66460381769625
242 70.66460381769625
243 71.66460381769625
244 72.66460381769625
245 72.67836567625545
246 72.69212492896698
247 72.70588157731062
248 72.7196356227648
249 72.73338706680651
250 72.74713591091138
251 72.7608821565536
252 72.77462580520603
253 72.78836685834008
254 72.80210531742581
255 72.81584118393187
256 72.82957445932553
257 72.84330514507268
258 72.85703324263783
259 72.87075875348411
260 72.88448167907328
261 72.8982020208657
262 72.91191978032036
263 72.9256349588949
264 72.93934755804558
265 7.293934755804559
266 8.293934755804559
267 9.293934755804559
268 10.293934755804559
269 11.293934755804559
270 12.293934755804559
271 13.293934755804559
272 14.293934755804559
273 15.293934755804559
274 16.293934755804557
275 17.293934755804557
276 18.293934755804557
277 19.293934755804557
278 20.293934755804557
279 21.293934755804557
280 22.293934755804557
281 23.293934755804557
282 24.293934755804557
283 25.293934755804557
284 26.293934755804557
285 27.293934755804557
286 28.293934755804557
287 29.293934755804557
288 30.293934755804557
289 31.293934755804557
290 32.29393475580456
291 33.29393475580456
292 34.29393475580456
293 35.29393475580456
294 36.29393475580456
295 37.29393475580456
296 38.29393475580456
297 39.29393475580456
298 40.29393475580456
299 41.29393475580456
300 42.29393475580456
301 43.29393475580456
302 44.29393475580456
303 45.29393475580456
304 46.29393475580456
305 47.29393475580456
306 48.29393475580456
307 49.29393475580456
308 50.29393475580456
309 51.29393475580456
310 52.29393475580456
311 53.29393475580456
312 54.29393475580456
313 55.29393475580456
314 56.29393475580456
315 57.29393475580456
316 58.29393475580456
317 59.29393475580456
318 60.29393475580456
319 61.29393475580456
320 62.29393475580456
321 63.29393475580456
322 64.29393475580456
323 65.29393475580456
324 66.29393475580456
325 67.29393475580456
326 68.29393475580456
327 69.29393475580456
328 70.29393475580456
329 71.29393475580456
330 72.29393475580456
331 73.29393475580456
332 74.29393475580456
333 75.29393475580456
334 76.29393475580456
335 77.29393475580456
336 78.29393475580456
337 79.29393475580456
338 80.29393475580456
339 81.29393475580456
340 82.29393475580456
341 83.29393475580456
342 84.29393475580456
343 85.29393475580456
344 86.29393475580456
345 87.29393475580456
346 88.29393475580456
347 89.29393475580456
348 90.29393475580456
349 91.29393475580456
350 92.29393475580456
351 93.29393475580456
352 94.29393475580456
353 95.29393475580456
354 96.29393475580456
355 97.29393475580456
356 98.29393475580456
357 99.29393475580456
358 100.29393475580456
359 100.30390544847342
360 100.31387515000726
361 100.32384386070161
362 100.33381158085186
363 100.34377831075321
364 100.35374405070077
365 100.36370880098946
366 100.37367256191406
367 100.38363533376923
368 100.39359711684946
369 100.4035579114491
370 100.41351771786235
371 100.42347653638328
372 100.4334343673058
373 100.44339121092365
374 100.45334706753049
375 100.46330193741977
376 100.47325582088483
377 100.48320871821885
378 100.49316062971486
379 100.50311155566578
380 100.51306149636434
381 100.52301045210315
382 100.53295842317468
383 100.54290540987122
384 100.55285141248497
385 100.56279643130793
386 101.56279643130793
387 102.56279643130793
388 103.56279643130793
389 104.56279643130793
390 105.56279643130793
391 106.56279643130793
392 107.56279643130793
393 108.56279643130793
394 109.56279643130793
395 110.56279643130793
396 111.56279643130793
397 112.56279643130793
398 113.56279643130793
399 114.56279643130793
400 115.56279643130793
401 116.56279643130793
402 117.56279643130793
403 118.56279643130793
404 119.56279643130793
405 120.56279643130793
406 121.56279643130793
407 122.56279643130793
408 123.56279643130793
409 124.56279643130793
410 125.56279643130793
411 126.56279643130793
412 127.56279643130793
413 128.56279643130793
414 129.56279643130793
415 130.56279643130793
416 131.56279643130793
417 13.156279643130794
418 14.156279643130794
419 15.156279643130794
420 16.156279643130794
421 17.156279643130794
422 18.156279643130794
423 19.156279643130794
424 20.156279643130794
425 21.156279643130794
426 22.156279643130794
427 23.156279643130794
428 24.156279643130794
429 25.156279643130794
430 26.156279643130794
431 27.156279643130794
432 28.156279643130794
433 29.156279643130794
434 30.156279643130794
435 31.156279643130794
436 32.156279643130794
437 33.156279643130794
438 34.156279643130794
439 35.156279643130794
440 36.156279643130794
441 37.156279643130794
442 38.156279643130794
443 39.156279643130794
444 40.156279643130794
445 41.156279643130794
446 42.156279643130794
447 43.156279643130794
448 44.156279643130794
449 45.156279643130794
450 46.156279643130794
451 47.156279643130794
452 48.156279643130794
453 49.156279643130794
454 50.156279643130794
455 51.156279643130794
456 52.156279643130794
457 53.156279643130794
458 54.156279643130794
459 55.156279643130794
460 56.156279643130794
461 57.156279643130794
462 58.156279643130794
463 59.156279643130794
464 60.156279643130794
465 61.156279643130794
466 62.156279643130794
467 63.156279643130794
468 64.1562796431308
469 65.1562796431308
470 66.1562796431308
471 67.1562796431308
472 68.1562796431308
473 69.1562796431308
474 70.1562796431308
475 71.1562796431308
476 72.1562796431308
477 73.1562796431308
478 74.1562796431308
479 75.1562796431308
480 76.1562796431308
481 77.1562796431308
482 78.1562796431308
483 79.1562796431308
484 80.1562796431308
485 81.1562796431308
486 82.1562796431308
487 83.1562796431308
488 84.1562796431308
489 85.1562796431308
490 86.1562796431308
491 87.1562796431308
492 88.1562796431308
493 89.1562796431308
494 90.1562796431308
495 91.1562796431308
496 92.1562796431308
497 93.1562796431308
498 94.1562796431308
499 95.1562796431308
500 96.1562796431308
501 97.1562796431308
502 98.1562796431308
503 99.1562796431308
504 100.1562796431308
505 101.1562796431308
506 102.1562796431308
507 103.1562796431308
508 104.1562796431308
509 105.1562796431308
510 106.1562796431308
511 10.61562796431308
512 11.61562796431308
513 12.61562796431308
514 13.61562796431308
515 14.61562796431308
516 15.61562796431308
517 16.61562796431308
518 17.61562796431308
519 18.61562796431308
520 19.61562796431308
521 20.61562796431308
522 21.61562796431308
523 22.61562796431308
524 23.61562796431308
525 24.61562796431308
526 25.61562796431308
527 26.61562796431308
528 27.61562796431308
529 28.61562796431308
530 29.61562796431308
531 30.61562796431308
532 31.61562796431308
533 32.61562796431308
534 33.61562796431308
535 34.61562796431308
536 35.61562796431308
537 36.61562796431308
538 37.61562796431308
539 38.61562796431308
540 3.8615627964313077
541 4.861562796431308
542 5.861562796431308
543 6.861562796431308
544 7.861562796431308
545 8.861562796431308
546 9.861562796431308
547 10.861562796431308
548 11.861562796431308
549 12.861562796431308
550 13.861562796431308
551 14.861562796431308
552 15.861562796431308
553 16.861562796431308
554 17.861562796431308
555 18.861562796431308
556 19.861562796431308
557 20.861562796431308
558 21.861562796431308
559 22.861562796431308
560 23.861562796431308
561 24.861562796431308
562 25.861562796431308
563 26.861562796431308
564 27.861562796431308
565 28.861562796431308
566 29.861562796431308
567 30.861562796431308
568 31.861562796431308
569 32.86156279643131
570 33.86156279643131
571 34.86156279643131
572 35.86156279643131
573 36.86156279643131
574 37.86156279643131
575 38.86156279643131
576 39.86156279643131
577 40.86156279643131
578 41.86156279643131
579 42.86156279643131
580 43.86156279643131
581 44.86156279643131
582 45.86156279643131
583 46.86156279643131
584 47.86156279643131
585 48.86156279643131
586 49.86156279643131
587 50.86156279643131
588 51.86156279643131
589 51.880844899516504
590 51.900119836189894
591 51.919387614436964
592 51.93864824222838
593 51.95790172752003
594 51.97714807825306
595 51.996387302353895
596 52.01561940773431
597 52.034844402291455
598 52.05406229390786
599 52.073273090451536
600 52.09247679977595
601 53.09247679977595
602 54.09247679977595
603 55.09247679977595
604 56.09247679977595
605 57.09247679977595
606 58.09247679977595
607 59.09247679977595
608 60.09247679977595
609 61.09247679977595
610 62.09247679977595
611 63.09247679977595
612 64.09247679977595
613 65.09247679977595
614 66.09247679977595
615 67.09247679977595
616 68.09247679977595
617 69.09247679977595
618 70.09247679977595
619 71.09247679977595
620 72.09247679977595
621 72.10634787265887
622 72.12021627716837
623 72.13408201484387
624 72.14794508722336
625 72.16180549584332
626 72.17566324223878
627 72.18951832794328
628 72.20337075448887
629 72.21722052340617
630 72.23106763622431
631 72.24491209447095
632 72.2587538996723
633 72.27259305335309
634 72.28642955703661
635 72.30026341224468
636 72.31409462049766
637 72.32792318331447
638 72.34174910221256
639 72.35557237870795
640 72.3693930143152
641 72.38321101054741
642 72.39702636891629
643 72.41083909093203
644 72.42464917810342
645 72.43845663193784
646 72.45226145394118
647 72.46606364561791
648 72.47986320847109
649 72.49366014400232
650 72.5074544537118
651 72.52124613909828
652 72.5350352016591
653 72.54882164289015
654 73.54882164289015
655 74.54882164289015
656 75.54882164289015
657 76.54882164289015
658 77.54882164289015
659 78.54882164289015
660 79.54882164289015
661 80.54882164289015
662 81.54882164289015
663 82.54882164289015
664 83.54882164289015
665 84.54882164289015
666 85.54882164289015
667 86.54882164289015
668 87.54882164289015
669 88.54882164289015
670 89.54882164289015
671 90.54882164289015
672 91.54882164289015
673 92.54882164289015
674 92.55962675074834
675 92.5704305972536
676 92.5812331828476
677 92.59203450797172
678 92.6028345730671
679 92.61363337857462
680 92.62443092493491
681 92.63522721258833
682 92.64602224197499
683 92.65681601353475
684 92.6676085277072
685 92.67839978493168
686 92.68918978564729
687 92.69997853029284
688 92.7107660193069
689 92.72155225312781
690 92.73233723219363
691 92.74312095694216
692 92.75390342781097
693 92.76468464523734
694 92.77546460965833
695 92.78624332151072
696 92.79702078123107
697 9.279702078123107
698 10.279702078123107
699 11.279702078123107
700 12.279702078123107
701 13.279702078123107
702 14.279702078123107
703 15.279702078123107
704 16.27970207812311
705 17.27970207812311
706 18.27970207812311
707 19.27970207812311
708 20.27970207812311
709 21.27970207812311
710 22.27970207812311
711 23.27970207812311
712 24.27970207812311
713 25.27970207812311
714 26.27970207812311
715 27.27970207812311
716 28.27970207812311
717 29.27970207812311
718 30.27970207812311
719 31.27970207812311
720 32.27970207812311
721 33.27970207812311
722 34.27970207812311
723 35.27970207812311
724 36.27970207812311
725 37.27970207812311
726 38.27970207812311
727 39.27970207812311
728 40.27970207812311
729 41.27970207812311
730 42.27970207812311
731 43.27970207812311
732 44.27970207812311
733 45.27970207812311
734 46.27970207812311
735 47.27970207812311
736 48.27970207812311
737 49.27970207812311
738 50.27970207812311
739 51.27970207812311
740 52.27970207812311
741 53.27970207812311
742 54.27970207812311
743 55.27970207812311
744 56.27970207812311
745 57.27970207812311
746 58.27970207812311
747 59.27970207812311
748 60.27970207812311
749 61.27970207812311
750 62.27970207812311
751 63.27970207812311
752 64.27970207812311
753 65.27970207812311
754 66.27970207812311
755 67.27970207812311
756 68.27970207812311
757 69.27970207812311
758 70.27970207812311
759 71.27970207812311
760 7.127970207812311
761 8.12797020781231
762 9.12797020781231
763 10.12797020781231
764 11.12797020781231
765 12.12797020781231
766 13.12797020781231
767 14.12797020781231
768 15.12797020781231
769 16.12797020781231
770 17.12797020781231
771 18.12797020781231
772 19.12797020781231
773 20.12797020781231
774 21.12797020781231
775 22.12797020781231
776 23.12797020781231
777 24.12797020781231
778 25.12797020781231
779 26.12797020781231
780 27.12797020781231
781 28.12797020781231
782 29.12797020781231
783 30.12797020781231
784 3.0127970207812313
785 4.012797020781232
786 5.012797020781232
787 6.012797020781232
788 7.012797020781232
789 8.012797020781232
790 9.012797020781232
791 10.012797020781232
792 11.012797020781232
793 12.012797020781232
794 13.012797020781232
795 14.012797020781232
796 15.012797020781232
797 16.012797020781232
798 17.012797020781232
799 18.012797020781232
800 19.012797020781232
801 20.012797020781232
802 21.012797020781232
803 22.012797020781232
804 23.012797020781232
805 24.012797020781232
806 25.012797020781232
807 26.012797020781232
808 27.012797020781232
809 28.012797020781232
810 29.012797020781232
811 30.012797020781232
812 31.012797020781232
813 32.012797020781235
814 33.012797020781235
815 34.012797020781235
816 35.012797020781235
817 36.012797020781235
818 37.012797020781235
819 38.012797020781235
820 39.012797020781235
821 40.012797020781235
822 41.012797020781235
823 42.012797020781235
824 43.012797020781235
825 44.012797020781235
826 45.012797020781235
827 46.012797020781235
828 47.012797020781235
829 47.03406782497436
830 47.05532900960591
831 47.0765805877172
832 47.09782257232007
833 47.11905497639702
834 47.14027781290129
835 47.16149109475697
836 47.182694834859056
837 47.20388904607357
838 47.22507374123765
839 47.24624893315962
840 47.26741463461911
841 47.288570858367116
842 47.30971761712612
843 47.33085492359015
844 47.35198279042489
845 48.35198279042489
846 49.35198279042489
847 50.35198279042489
848 51.35198279042489
849 52.35198279042489
850 53.35198279042489
851 54.35198279042489
852 55.35198279042489
853 56.35198279042489
854 57.35198279042489
855 58.35198279042489
856 59.35198279042489
857 60.35198279042489
858 61.35198279042489
859 62.35198279042489
860 63.35198279042489
861 63.367767616028665
862 63.38354850965363
863 63.39932547423692
864 63.41509851271201
865 63.43086762800873
866 63.44663282305327
867 63.46239410076818
868 63.478151464072376
869 63.49390491588116
870 63.50965445910621
871 63.525400096655595
872 63.541141831433784
873 63.55687966634164
874 63.57261360427645
875 63.58834364813188
876 63.604069800798065
877 63.619792065161526
878 63.63551044410523
879 63.65122494050859
880 63.66693555724746
881 63.68264229719415
882 63.69834516321741
883 63.71404415818247
884 63.72973928495102
885 63.74543054638124
886 63.76111794532778
887 63.77680148464178
888 63.79248116717087
889 63.808156995759184
890 63.823828973247366
891 63.83949710247257
892 63.85516138626846
893 64.85516138626846
894 65.85516138626846
895 66.85516138626846
896 67.85516138626846
897 68.85516138626846
898 69.85516138626846
899 6.9855161386268465
900 7.9855161386268465
901 8.985516138626846
902 9.985516138626846
903 10.985516138626846
904 11.985516138626846
905 12.985516138626846
906 13.985516138626846
907 14.985516138626846
908 15.985516138626846
909 16.985516138626846
910 17.985516138626846
911 18.985516138626846
912 19.985516138626846
913 20.985516138626846
914 21.985516138626846
915 22.985516138626846
916 23.985516138626846
917 24.985516138626846
918 25.985516138626846
919 26.985516138626846
920 27.985516138626846
921 28.985516138626846
922 29.985516138626846
923 30.985516138626846
924 31.985516138626846
925 32.98551613862685
926 33.98551613862685
927 34.98551613862685
928 35.98551613862685
929 36.98551613862685
930 37.98551613862685
931 38.98551613862685
932 39.98551613862685
933 40.98551613862685
934 41.98551613862685
935 42.98551613862685
936 43.98551613862685
937 44.98551613862685
938 45.98551613862685
939 46.98551613862685
940 47.98551613862685
941 48.98551613862685
942 49.98551613862685
943 50.98551613862685
944 51.98551613862685
945 52.98551613862685
946 53.98551613862685
947 54.98551613862685
948 55.98551613862685
949 56.98551613862685
950 57.98551613862685
951 58.98551613862685
952 59.98551613862685
953 60.98551613862685
954 61.98551613862685
955 62.98551613862685
956 63.98551613862685
957 64.98551613862685
958 65.98551613862685
959 66.98551613862685
960 67.98551613862685
961 68.98551613862685
962 69.98551613862685
963 70.98551613862685
964 71.98551613862685
965 72.98551613862685
966 73.98551613862685
967 74.98551613862685
968 75.98551613862685
969 76.98551613862685
970 77.98551613862685
971 78.98551613862685
972 79.98551613862685
973 80.98551613862685
974 81.98551613862685
975 82.98551613862685
976 83.98551613862685
977 84.98551613862685
978 85.98551613862685
979 86.98551613862685
980 87.98551613862685
981 88.98551613862685
982 89.98551613862685
983 90.98551613862685
984 90.99650689894167
985 91.00749633176804
986 91.01848443758686
987 91.02947121687878
988 91.0404566701241
989 91.0514407978029
990 91.06242360039491
991 91.0734050783796
992 91.08438523223614
993 91.09536406244344
994 91.10634156948007
995 9.110634156948008
996 10.110634156948008
997 11.110634156948008
998 12.110634156948008
999 13.110634156948008
1000 14.110634156948008
1001 15.110634156948008
1002 16.11063415694801
1003 17.11063415694801
1004 18.11063415694801
1005 19.11063415694801
1006 20.11063415694801
1007 21.11063415694801
1008 22.11063415694801
1009 23.11063415694801
1010 24.11063415694801
1011 25.11063415694801
1012 26.11063415694801
1013 27.11063415694801
1014 28.11063415694801
1015 29.11063415694801
1016 30.11063415694801
1017 31.11063415694801
1018 32.11063415694801
1019 33.11063415694801
1020 34.11063415694801
1021 35.11063415694801
1022 36.11063415694801
1023 37.11063415694801
1024 38.11063415694801
1025 39.11063415694801
