1 5.0
2 6.0
3 7.0
4 8.0
5 9.0
6 10.0
7 11.0
8 12.0
9 13.0
10 14.0
11 15.0
12 16.0
13 17.0
14 18.0
15 19.0
16 20.0
17 21.0
18 22.0
19 23.0
20 24.0
21 25.0
22 26.0
23 27.0
24 28.0
25 29.0
26 30.0
27 31.0
28 32.0
29 33.0
30 34.0
31 35.0
32 36.0
33 37.0
34 38.0
35 39.0
36 40.0
37 41.0
38 42.0
39 43.0
40 44.0
41 45.0
42 46.0
43 47.0
44 48.0
45 49.0
46 50.0
47 51.0
48 52.0
49 53.0
50 54.0
51 55.0
52 56.0
53 57.0
54 58.0
55 59.0
56 60.0
57 61.0
58 62.0
59 63.0
60 64.0
61 65.0
62 66.0
63 67.0
64 68.0
65 69.0
66 70.0
67 71.0
68 72.0
69 73.0
70 74.0
71 75.0
72 76.0
73 77.0
74 78.0
75 79.0
76 80.0
77 81.0
78 82.0
79 83.0
80 84.0
81 85.0
82 86.0
83 87.0
84 88.0
85 89.0
86 90.0
87 91.0
88 92.0
89 93.0
90 94.0
91 95.0
92 96.0
93 97.0
94 98.0
95 99.0
96 100.0
97 101.0
98 102.0
99 103.0
100 104.0
101 105.0
102 106.0
103 107.0
104 108.0
105 109.0
106 110.0
107 111.0
108 112.0
109 113.0
110 114.0
111 115.0
112 116.0
113 117.0
114 118.0
115 119.0
116 120.0
117 121.0
118 122.0
119 123.0
120 124.0
121 125.0
122 126.0
123 127.0
124 128.0
125 129.0
126 130.0
127 131.0
128 132.0
129 133.0
130 134.0
131 135.0
132 136.0
133 137.0
134 138.0
135 139.0
136 140.0
137 141.0
138 142.0
139 143.0
140 144.0
141 145.0
142 146.0
143 147.0
144 148.0
145 149.0
146 150.0
147 151.0
148 152.0
149 153.0
150 154.0
151 155.0
152 156.0
153 157.0
154 158.0
155 159.0
156 160.0
157 161.0
158 162.0
159 163.0
160 164.0
161 165.0
162 166.0
163 167.0
164 168.0
165 169.0
166 170.0
167 171.0
168 172.0
169 173.0
170 174.0
171 175.0
172 176.0
173 177.0
174 178.0
175 179.0
176 180.0
177 181.0
178 182.0
179 183.0
180 184.0
181 185.0
182 186.0
183 187.0
184 188.0
185 189.0
186 190.0
187 191.0
188 192.0
189 193.0
190 194.0
191 195.0
192 196.0
193 197.0
194 198.0
195 199.0
196 200.0
197 201.0
198 202.0
199 203.0
200 204.0
201 205.0
202 206.0
203 207.0
204 208.0
205 209.0
206 210.0
207 211.0
208 212.0
209 213.0
210 214.0
211 215.0
212 216.0
213 217.0
214 218.0
215 219.0
216 220.0
217 221.0
218 222.0
219 223.0
220 224.0
221 225.0
222 226.0
223 227.0
224 228.0
225 229.0
226 230.0
227 231.0
228 232.0
229 233.0
230 234.0
231 235.0
232 236.0
233 237.0
234 238.0
235 239.0
236 240.0
237 241.0
238 242.0
239 243.0
240 244.0
241 245.0
242 246.0
243 247.0
244 248.0
245 249.0
246 250.0
247 251.0
248 252.0
249 253.0
250 254.0
251 255.0
252 256.0
253 257.0
254 258.0
255 259.0
256 260.0
257 261.0
258 262.0
259 263.0
260 264.0
261 265.0
262 266.0
263 267.0
264 268.0
265 269.0
266 270.0
267 271.0
268 272.0
269 273.0
270 274.0
271 275.0
272 276.0
273 277.0
274 278.0
275 279.0
276 280.0
277 281.0
278 282.0
279 283.0
280 284.0
281 285.0
282 286.0
283 287.0
284 288.0
285 289.0
286 290.0
287 291.0
288 292.0
289 293.0
290 294.0
291 295.0
292 296.0
293 297.0
294 298.0
295 299.0
296 300.0
297 301.0
298 302.0
299 303.0
300 304.0
301 305.0
302 306.0
303 307.0
304 308.0
305 309.0
306 310.0
307 311.0
308 312.0
309 313.0
310 314.0
311 315.0
312 316.0
313 317.0
314 318.0
315 319.0
316 320.0
317 321.0
318 322.0
319 323.0
320 324.0
321 325.0
322 326.0
323 327.0
324 328.0
325 329.0
326 330.0
327 331.0
328 332.0
329 333.0
330 334.0
331 335.0
332 336.0
333 337.0
334 338.0
335 339.0
336 340.0
337 341.0
338 342.0
339 343.0
340 344.0
341 345.0
342 346.0
343 347.0
344 348.0
345 349.0
346 350.0
347 351.0
348 352.0
349 353.0
350 354.0
351 355.0
352 356.0
353 357.0
354 358.0
355 359.0
356 360.0
357 361.0
358 362.0
359 363.0
360 364.0
361 365.0
362 366.0
363 367.0
364 368.0
365 369.0
366 370.0
367 371.0
368 372.0
369 373.0
370 374.0
371 375.0
372 376.0
373 377.0
374 378.0
375 379.0
376 380.0
377 381.0
378 382.0
379 383.0
380 384.0
381 385.0
382 386.0
383 387.0
384 388.0
385 389.0
386 390.0
387 391.0
388 392.0
389 393.0
390 394.0
391 395.0
392 396.0
393 397.0
394 398.0
395 399.0
396 400.0
397 401.0
398 402.0
399 403.0
400 404.0
401 405.0
402 406.0
403 407.0
404 408.0
405 409.0
406 410.0
407 411.0
408 412.0
409 413.0
410 414.0
411 415.0
412 416.0
413 417.0
414 418.0
415 419.0
416 420.0
417 421.0
418 422.0
419 423.0
420 424.0
421 425.0
422 426.0
423 427.0
424 428.0
425 429.0
426 430.0
427 431.0
428 432.0
429 433.0
430 434.0
431 435.0
432 436.0
433 437.0
434 438.0
435 439.0
436 440.0
437 441.0
438 442.0
439 443.0
440 444.0
441 445.0
442 446.0
443 447.0
444 448.0
445 449.0
446 450.0
447 451.0
448 452.0
449 453.0
450 454.0
451 455.0
452 456.0
453 457.0
454 458.0
455 459.0
456 460.0
457 461.0
458 462.0
459 463.0
460 464.0
461 465.0
462 466.0
463 467.0
464 468.0
465 469.0
466 470.0
467 471.0
468 472.0
469 473.0
470 474.0
471 475.0
472 476.0
473 477.0
474 478.0
475 479.0
476 480.0
477 481.0
478 482.0
479 483.0
480 484.0
481 485.0
482 486.0
483 487.0
484 488.0
485 489.0
486 490.0
487 491.0
488 492.0
489 493.0
490 494.0
491 495.0
492 496.0
493 497.0
494 498.0
495 499.0
496 500.0
497 501.0
498 502.0
499 503.0
500 504.0
501 505.0
502 506.0
503 507.0
504 508.0
505 509.0
506 510.0
507 511.0
508 512.0
509 513.0
510 514.0
511 515.0
512 516.0
513 517.0
514 518.0
515 519.0
516 520.0
517 521.0
518 522.0
519 523.0
520 524.0
521 525.0
522 526.0
523 527.0
524 528.0
525 529.0
526 530.0
527 531.0
528 532.0
529 533.0
530 534.0
531 535.0
532 536.0
533 537.0
534 538.0
535 539.0
536 540.0
537 541.0
538 542.0
539 543.0
540 544.0
541 545.0
542 546.0
543 547.0
544 548.0
545 549.0
546 550.0
547 551.0
548 552.0
549 553.0
550 554.0
551 555.0
552 556.0
553 557.0
554 558.0
555 559.0
556 560.0
557 561.0
558 562.0
559 563.0
560 564.0
561 565.0
562 566.0
563 567.0
564 568.0
565 569.0
566 570.0
567 571.0
568 572.0
569 573.0
570 574.0
571 575.0
572 576.0
573 577.0
574 578.0
575 579.0
576 580.0
577 581.0
578 582.0
579 583.0
580 584.0
581 585.0
582 586.0
583 587.0
584 588.0
585 589.0
586 590.0
587 591.0
588 592.0
589 593.0
590 594.0
591 595.0
592 596.0
593 597.0
594 598.0
595 599.0
596 600.0
597 601.0
598 602.0
599 603.0
600 604.0
601 605.0
602 606.0
603 607.0
604 608.0
605 609.0
606 610.0
607 611.0
608 612.0
609 613.0
610 614.0
611 615.0
612 616.0
613 617.0
614 618.0
615 619.0
616 620.0
617 621.0
618 622.0
619 623.0
620 624.0
621 625.0
622 626.0
623 627.0
624 628.0
625 629.0
626 630.0
627 631.0
628 632.0
629 633.0
630 634.0
631 635.0
632 636.0
633 637.0
634 638.0
635 639.0
636 640.0
637 641.0
638 642.0
639 643.0
640 644.0
641 645.0
642 646.0
643 647.0
644 648.0
645 649.0
646 650.0
647 651.0
648 652.0
649 653.0
650 654.0
651 655.0
652 656.0
653 657.0
654 658.0
655 659.0
656 660.0
657 661.0
658 662.0
659 663.0
660 664.0
661 665.0
662 666.0
663 667.0
664 668.0
665 669.0
666 670.0
667 671.0
668 672.0
669 673.0
670 674.0
671 675.0
672 676.0
673 677.0
674 678.0
675 679.0
676 680.0
677 681.0
678 682.0
679 683.0
680 684.0
681 685.0
682 686.0
683 687.0
684 688.0
685 689.0
686 690.0
687 691.0
688 692.0
689 693.0
690 694.0
691 695.0
692 696.0
693 697.0
694 698.0
695 699.0
696 700.0
697 701.0
698 702.0
699 703.0
700 704.0
701 705.0
702 706.0
703 707.0
704 708.0
705 709.0
706 710.0
707 711.0
708 712.0
709 713.0
710 714.0
711 715.0
712 716.0
713 717.0
714 718.0
715 719.0
716 720.0
717 721.0
718 722.0
719 723.0
720 724.0
721 725.0
722 726.0
723 727.0
724 728.0
725 729.0
726 730.0
727 731.0
728 732.0
729 733.0
730 734.0
731 735.0
732 736.0
733 737.0
734 738.0
735 739.0
736 740.0
737 741.0
738 742.0
739 743.0
740 744.0
741 745.0
742 746.0
743 747.0
744 748.0
745 749.0
746 750.0
747 751.0
748 752.0
749 753.0
750 754.0
751 755.0
752 756.0
753 757.0
754 758.0
755 759.0
756 760.0
757 761.0
758 762.0
759 763.0
760 764.0
761 765.0
762 766.0
763 767.0
764 768.0
765 769.0
766 770.0
767 771.0
768 772.0
769 773.0
770 774.0
771 775.0
772 776.0
773 777.0
774 778.0
775 779.0
776 780.0
777 781.0
778 782.0
779 783.0
780 784.0
781 785.0
782 786.0
783 787.0
784 788.0
785 789.0
786 790.0
787 791.0
788 792.0
789 793.0
790 794.0
791 795.0
792 796.0
793 797.0
794 798.0
795 799.0
796 800.0
797 801.0
798 802.0
799 803.0
800 804.0
801 805.0
802 806.0
803 807.0
804 808.0
805 809.0
806 810.0
807 811.0
808 812.0
809 813.0
810 814.0
811 815.0
812 816.0
813 817.0
814 818.0
815 819.0
816 820.0
817 821.0
818 822.0
819 823.0
820 824.0
821 825.0
822 826.0
823 827.0
824 828.0
825 829.0
826 830.0
827 831.0
828 832.0
829 833.0
830 834.0
831 835.0
832 836.0
833 837.0
834 838.0
835 839.0
836 840.0
837 841.0
838 842.0
839 843.0
840 844.0
841 845.0
842 846.0
843 847.0
844 848.0
845 849.0
846 850.0
847 851.0
848 852.0
849 853.0
850 854.0
851 855.0
852 856.0
853 857.0
854 858.0
855 859.0
856 860.0
857 861.0
858 862.0
859 863.0
860 864.0
861 865.0
862 866.0
863 867.0
864 868.0
865 869.0
866 870.0
867 871.0
868 872.0
869 873.0
870 874.0
871 875.0
872 876.0
873 877.0
874 878.0
875 879.0
876 880.0
877 881.0
878 882.0
879 883.0
880 884.0
881 885.0
882 886.0
883 887.0
884 888.0
885 889.0
886 890.0
887 891.0
888 892.0
889 893.0
890 894.0
891 895.0
892 896.0
893 897.0
894 898.0
895 899.0
896 900.0
897 901.0
898 902.0
899 903.0
900 904.0
901 905.0
902 906.0
903 907.0
904 908.0
905 909.0
906 910.0
907 911.0
908 912.0
909 913.0
910 914.0
911 915.0
912 916.0
913 917.0
914 918.0
915 919.0
916 920.0
917 921.0
918 922.0
919 923.0
920 924.0
921 925.0
922 926.0
923 927.0
924 928.0
925 929.0
926 930.0
927 931.0
928 932.0
929 933.0
930 934.0
931 935.0
932 936.0
933 937.0
934 938.0
935 939.0
936 940.0
937 941.0
938 942.0
939 943.0
940 944.0
941 945.0
942 946.0
943 947.0
944 948.0
945 949.0
946 950.0
947 951.0
948 952.0
949 953.0
950 954.0
951 955.0
952 956.0
953 957.0
954 958.0
955 959.0
956 960.0
957 961.0
958 962.0
959 963.0
960 964.0
961 965.0
962 966.0
963 967.0
964 968.0
965 969.0
966 970.0
967 971.0
968 972.0
969 973.0
970 974.0
971 975.0
972 976.0
973 977.0
974 978.0
975 979.0
976 980.0
977 981.0
978 982.0
979 983.0
980 984.0
981 985.0
982 986.0
983 987.0
984 988.0
985 989.0
986 990.0
987 991.0
988 992.0
989 993.0
990 994.0
991 995.0
992 996.0
993 997.0
994 998.0
995 999.0
996 1000.0
997 1001.0
998 1002.0
999 1003.0
1000 1004.0
1001 1005.0
1002 1006.0
1003 1007.0
1004 1008.0
1005 1009.0
1006 1010.0
1007 1011.0
1008 1012.0
1009 1013.0
1010 1014.0
1011 1015.0
1012 1016.0
1013 1017.0
1014 1018.0
1015 1019.0
1016 1020.0
1017 1021.0
1018 1022.0
1019 1023.0
1020 1024.0
