1 5.5
2 7.0
3 8.5
4 10.0
5 11.5
6 13.0
7 14.5
8 16.0
9 17.5
10 19.0
11 20.5
12 22.0
13 23.5
14 25.0
15 26.5
16 28.0
17 29.5
18 31.0
19 32.5
20 34.0
21 35.5
22 37.0
23 38.5
24 40.0
25 41.5
26 43.0
27 44.5
28 46.0
29 47.5
30 49.0
31 50.5
32 52.0
33 53.5
34 55.0
35 56.5
36 58.0
37 59.5
38 61.0
39 62.5
40 64.0
41 65.5
42 67.0
43 68.5
44 70.0
45 71.5
46 73.0
47 74.5
48 76.0
49 77.5
50 79.0
51 80.5
52 82.0
53 83.5
54 85.0
55 86.5
56 88.0
57 89.5
58 91.0
59 92.5
60 94.0
61 95.5
62 97.0
63 98.5
64 100.0
65 101.5
66 103.0
67 104.5
68 106.0
69 107.5
70 109.0
71 110.5
72 112.0
73 113.5
74 115.0
75 116.5
76 118.0
77 119.5
78 121.0
79 122.5
80 124.0
81 125.5
82 127.0
83 128.5
84 130.0
85 131.5
86 133.0
87 134.5
88 136.0
89 137.5
90 139.0
91 140.5
92 142.0
93 143.5
94 145.0
95 146.5
96 148.0
97 149.5
98 151.0
99 152.5
100 154.0
101 155.5
102 157.0
103 158.5
104 160.0
105 161.5
106 163.0
107 164.5
108 166.0
109 167.5
110 169.0
111 170.5
112 172.0
113 173.5
114 175.0
115 176.5
116 178.0
117 179.5
118 181.0
119 182.5
120 184.0
121 185.5
122 187.0
123 188.5
124 190.0
125 191.5
126 193.0
127 194.5
128 196.0
129 197.5
130 199.0
131 200.5
132 202.0
133 203.5
134 205.0
135 206.5
136 208.0
137 209.5
138 211.0
139 212.5
140 214.0
141 215.5
142 217.0
143 218.5
144 220.0
145 221.5
146 223.0
147 224.5
148 226.0
149 227.5
150 229.0
151 230.5
152 232.0
153 233.5
154 235.0
155 236.5
156 238.0
157 239.5
158 241.0
159 242.5
160 244.0
161 245.5
162 247.0
163 248.5
164 250.0
165 251.5
166 253.0
167 254.5
168 256.0
169 257.5
170 259.0
171 260.5
172 262.0
173 263.5
174 265.0
175 266.5
176 268.0
177 269.5
178 271.0
179 272.5
180 274.0
181 275.5
182 277.0
183 278.5
184 280.0
185 281.5
186 283.0
187 284.5
188 286.0
189 287.5
190 289.0
191 290.5
192 292.0
193 293.5
194 295.0
195 296.5
196 298.0
197 299.5
198 301.0
199 302.5
200 304.0
201 305.5
202 307.0
203 308.5
204 310.0
205 311.5
206 313.0
207 314.5
208 316.0
209 317.5
210 319.0
211 320.5
212 322.0
213 323.5
214 325.0
215 326.5
216 328.0
217 329.5
218 331.0
219 332.5
220 334.0
221 335.5
222 337.0
223 338.5
224 340.0
225 341.5
226 343.0
227 344.5
228 346.0
229 347.5
230 349.0
231 350.5
232 352.0
233 353.5
234 355.0
235 356.5
236 358.0
237 359.5
238 361.0
239 362.5
240 364.0
241 365.5
242 367.0
243 368.5
244 370.0
245 371.5
246 373.0
247 374.5
248 376.0
249 377.5
250 379.0
251 380.5
252 382.0
253 383.5
254 385.0
255 386.5
256 388.0
257 389.5
258 391.0
259 392.5
260 394.0
261 395.5
262 397.0
263 398.5
264 400.0
265 401.5
266 403.0
267 404.5
268 406.0
269 407.5
270 409.0
271 410.5
272 412.0
273 413.5
274 415.0
275 416.5
276 418.0
277 419.5
278 421.0
279 422.5
280 424.0
281 425.5
282 427.0
283 428.5
284 430.0
285 431.5
286 433.0
287 434.5
288 436.0
289 437.5
290 439.0
291 440.5
292 442.0
293 443.5
294 445.0
295 446.5
296 448.0
297 449.5
298 451.0
299 452.5
300 454.0
301 455.5
302 457.0
303 458.5
304 460.0
305 461.5
306 463.0
307 464.5
308 466.0
309 467.5
310 469.0
311 470.5
312 472.0
313 473.5
314 475.0
315 476.5
316 478.0
317 479.5
318 481.0
319 482.5
320 484.0
321 485.5
322 487.0
323 488.5
324 490.0
325 491.5
326 493.0
327 494.5
328 496.0
329 497.5
330 499.0
331 500.5
332 502.0
333 503.5
334 505.0
335 506.5
336 508.0
337 509.5
338 511.0
339 512.5
340 514.0
341 515.5
342 517.0
343 518.5
344 520.0
345 521.5
346 523.0
347 524.5
348 526.0
349 527.5
350 529.0
351 530.5
352 532.0
353 533.5
354 535.0
355 536.5
356 538.0
357 539.5
358 541.0
359 542.5
360 544.0
361 545.5
362 547.0
363 548.5
364 550.0
365 551.5
366 553.0
367 554.5
368 556.0
369 557.5
370 559.0
371 560.5
372 562.0
373 563.5
374 565.0
375 566.5
376 568.0
377 569.5
378 571.0
379 572.5
380 574.0
381 575.5
382 577.0
383 578.5
384 580.0
385 581.5
386 583.0
387 584.5
388 586.0
389 587.5
390 589.0
391 590.5
392 592.0
393 593.5
394 595.0
395 596.5
396 598.0
397 599.5
398 601.0
399 602.5
400 604.0
401 605.5
402 607.0
403 608.5
404 610.0
405 611.5
406 613.0
407 614.5
408 616.0
409 617.5
410 619.0
411 620.5
412 622.0
413 623.5
414 625.0
415 626.5
416 628.0
417 629.5
418 631.0
419 632.5
420 634.0
421 635.5
422 637.0
423 638.5
424 640.0
425 641.5
426 643.0
427 644.5
428 646.0
429 647.5
430 649.0
431 650.5
432 652.0
433 653.5
434 655.0
435 656.5
436 658.0
437 659.5
438 661.0
439 662.5
440 664.0
441 665.5
442 667.0
443 668.5
444 670.0
445 671.5
446 673.0
447 674.5
448 676.0
449 677.5
450 679.0
451 680.5
452 682.0
453 683.5
454 685.0
455 686.5
456 688.0
457 689.5
458 691.0
459 692.5
460 694.0
461 695.5
462 697.0
463 698.5
464 700.0
465 701.5
466 703.0
467 704.5
468 706.0
469 707.5
470 709.0
471 710.5
472 712.0
473 713.5
474 715.0
475 716.5
476 718.0
477 719.5
478 721.0
479 722.5
480 724.0
481 725.5
482 727.0
483 728.5
484 730.0
485 731.5
486 733.0
487 734.5
488 736.0
489 737.5
490 739.0
491 740.5
492 742.0
493 743.5
494 745.0
495 746.5
496 748.0
497 749.5
498 751.0
499 752.5
500 754.0
501 755.5
502 757.0
503 758.5
504 760.0
505 761.5
506 763.0
507 764.5
508 766.0
509 767.5
510 769.0
511 770.5
512 772.0
513 773.5
514 775.0
515 776.5
516 778.0
517 779.5
518 781.0
519 782.5
520 784.0
521 785.5
522 787.0
523 788.5
524 790.0
525 791.5
526 793.0
527 794.5
528 796.0
529 797.5
530 799.0
531 800.5
532 802.0
533 803.5
534 805.0
535 806.5
536 808.0
537 809.5
538 811.0
539 812.5
540 814.0
541 815.5
542 817.0
543 818.5
544 820.0
545 821.5
546 823.0
547 824.5
548 826.0
549 827.5
550 829.0
551 830.5
552 832.0
553 833.5
554 835.0
555 836.5
556 838.0
557 839.5
558 841.0
559 842.5
560 844.0
561 845.5
562 847.0
563 848.5
564 850.0
565 851.5
566 853.0
567 854.5
568 856.0
569 857.5
570 859.0
571 860.5
572 862.0
573 863.5
574 865.0
575 866.5
576 868.0
577 869.5
578 871.0
579 872.5
580 874.0
581 875.5
582 877.0
583 878.5
584 880.0
585 881.5
586 883.0
587 884.5
588 886.0
589 887.5
590 889.0
591 890.5
592 892.0
593 893.5
594 895.0
595 896.5
596 898.0
597 899.5
598 901.0
599 902.5
600 904.0
601 905.5
602 907.0
603 908.5
604 910.0
605 911.5
606 913.0
607 914.5
608 916.0
609 917.5
610 919.0
611 920.5
612 922.0
613 923.5
614 925.0
615 926.5
616 928.0
617 929.5
618 931.0
619 932.5
620 934.0
621 935.5
622 937.0
623 938.5
624 940.0
625 941.5
626 943.0
627 944.5
628 946.0
629 947.5
630 949.0
631 950.5
632 952.0
633 953.5
634 955.0
635 956.5
636 958.0
637 959.5
638 961.0
639 962.5
640 964.0
641 965.5
642 967.0
643 968.5
644 970.0
645 971.5
646 973.0
647 974.5
648 976.0
649 977.5
650 979.0
651 980.5
652 982.0
653 983.5
654 985.0
655 986.5
656 988.0
657 989.5
658 991.0
659 992.5
660 994.0
661 995.5
662 997.0
663 998.5
664 1000.0
665 1001.5
666 1003.0
667 1004.5
668 1006.0
669 1007.5
670 1009.0
671 1010.5
672 1012.0
673 1013.5
674 1015.0
675 1016.5
676 1018.0
677 1019.5
678 1021.0
679 1022.5
680 1024.0
681 1024.0
682 1024.0
683 1024.0
684 1024.0
685 1024.0
686 1024.0
687 1024.0
688 1024.0
689 1024.0
690 1024.0
691 1024.0
692 1024.0
693 1024.0
694 1024.0
695 1024.0
696 1024.0
697 1024.0
698 1024.0
699 1024.0
700 1024.0
701 1024.0
702 1024.0
703 1024.0
704 1024.0
705 1024.0
706 1024.0
707 1024.0
708 1024.0
709 1024.0
710 1024.0
711 1024.0
712 1024.0
713 1024.0
714 1024.0
715 1024.0
716 1024.0
717 1024.0
718 1024.0
719 1024.0
720 1024.0
721 1024.0
722 1024.0
723 1024.0
724 1024.0
725 1024.0
726 1024.0
727 1024.0
728 1024.0
729 1024.0
730 1024.0
731 1024.0
732 1024.0
733 1024.0
734 1024.0
735 1024.0
736 1024.0
737 1024.0
738 1024.0
739 1024.0
740 1024.0
741 1024.0
742 1024.0
743 1024.0
744 1024.0
745 1024.0
746 1024.0
747 1024.0
748 1024.0
749 1024.0
750 1024.0
751 1024.0
752 1024.0
753 1024.0
754 1024.0
755 1024.0
756 1024.0
757 1024.0
758 1024.0
759 1024.0
760 1024.0
761 1024.0
762 1024.0
763 1024.0
764 1024.0
765 1024.0
766 1024.0
767 1024.0
768 1024.0
769 1024.0
770 1024.0
771 1024.0
772 1024.0
773 1024.0
774 1024.0
775 1024.0
776 1024.0
777 1024.0
778 1024.0
779 1024.0
780 1024.0
781 1024.0
782 1024.0
783 1024.0
784 1024.0
785 1024.0
786 1024.0
787 1024.0
788 1024.0
789 1024.0
790 1024.0
791 1024.0
792 1024.0
793 1024.0
794 1024.0
795 1024.0
796 1024.0
797 1024.0
798 1024.0
799 1024.0
800 1024.0
801 1024.0
802 1024.0
803 1024.0
804 1024.0
805 1024.0
806 1024.0
807 1024.0
808 1024.0
809 1024.0
810 1024.0
811 1024.0
812 1024.0
813 1024.0
814 1024.0
815 1024.0
816 1024.0
817 1024.0
818 1024.0
819 1024.0
820 1024.0
821 1024.0
822 1024.0
823 1024.0
824 1024.0
825 1024.0
826 1024.0
827 1024.0
828 1024.0
829 1024.0
830 1024.0
831 1024.0
832 1024.0
833 1024.0
834 1024.0
835 1024.0
836 1024.0
837 1024.0
838 1024.0
839 1024.0
840 1024.0
841 1024.0
842 1024.0
843 1024.0
844 1024.0
845 1024.0
846 1024.0
847 1024.0
848 1024.0
849 1024.0
850 1024.0
851 1024.0
852 1024.0
853 1024.0
854 1024.0
855 1024.0
856 1024.0
857 1024.0
858 1024.0
859 1024.0
860 1024.0
861 1024.0
862 1024.0
863 1024.0
864 1024.0
865 1024.0
866 1024.0
867 1024.0
868 1024.0
869 1024.0
870 1024.0
871 1024.0
872 1024.0
873 1024.0
874 1024.0
875 1024.0
876 1024.0
877 1024.0
878 1024.0
879 1024.0
880 1024.0
881 1024.0
882 1024.0
883 1024.0
884 1024.0
885 1024.0
886 1024.0
887 1024.0
888 1024.0
889 1024.0
890 1024.0
891 1024.0
892 1024.0
893 1024.0
894 1024.0
895 1024.0
896 1024.0
897 1024.0
898 1024.0
899 1024.0
900 1024.0
901 1024.0
902 1024.0
903 1024.0
904 1024.0
905 1024.0
906 1024.0
907 1024.0
908 1024.0
909 1024.0
910 1024.0
911 1024.0
912 1024.0
913 1024.0
914 1024.0
915 1024.0
916 1024.0
917 1024.0
918 1024.0
919 1024.0
920 1024.0
921 1024.0
922 1024.0
923 1024.0
924 1024.0
925 1024.0
926 1024.0
927 1024.0
928 1024.0
929 1024.0
930 1024.0
931 1024.0
932 1024.0
933 1024.0
934 1024.0
935 1024.0
936 1024.0
937 1024.0
938 1024.0
939 1024.0
940 1024.0
941 1024.0
942 1024.0
943 1024.0
944 1024.0
945 1024.0
946 1024.0
947 1024.0
948 1024.0
949 1024.0
950 1024.0
951 1024.0
952 1024.0
953 1024.0
954 1024.0
955 1024.0
956 1024.0
957 1024.0
958 1024.0
959 1024.0
960 1024.0
961 1024.0
962 1024.0
963 1024.0
964 1024.0
965 1024.0
966 1024.0
967 1024.0
968 1024.0
969 1024.0
970 1024.0
971 1024.0
972 1024.0
973 1024.0
974 1024.0
975 1024.0
976 1024.0
977 1024.0
978 1024.0
979 1024.0
980 1024.0
981 1024.0
982 1024.0
983 1024.0
984 1024.0
985 1024.0
986 1024.0
987 1024.0
988 1024.0
989 1024.0
990 1024.0
991 1024.0
992 1024.0
993 1024.0
994 1024.0
995 1024.0
996 1024.0
997 1024.0
998 1024.0
999 1024.0
1000 1024.0
1001 1024.0
1002 1024.0
1003 1024.0
1004 1024.0
1005 1024.0
1006 1024.0
1007 1024.0
1008 1024.0
1009 1024.0
1010 1024.0
1011 1024.0
1012 1024.0
1013 1024.0
1014 1024.0
1015 1024.0
1016 1024.0
1017 1024.0
1018 1024.0
1019 1024.0
1020 1024.0
1021 1024.0
1022 1024.0
1023 1024.0
1024 1024.0
1025 1024.0
1026 1024.0
1027 1024.0
1028 1024.0
1029 1024.0
1030 1024.0
1031 1024.0
1032 1024.0
1033 1024.0
1034 1024.0
1035 1024.0
1036 1024.0
1037 1024.0
1038 1024.0
1039 1024.0
1040 1024.0
1041 1024.0
1042 1024.0
1043 1024.0
1044 1024.0
1045 1024.0
1046 1024.0
1047 1024.0
1048 1024.0
1049 1024.0
1050 1024.0
1051 1024.0
1052 1024.0
1053 1024.0
1054 1024.0
1055 1024.0
1056 1024.0
1057 1024.0
1058 1024.0
1059 1024.0
1060 1024.0
1061 1024.0
1062 1024.0
1063 1024.0
1064 1024.0
1065 1024.0
1066 1024.0
1067 1024.0
1068 1024.0
1069 1024.0
1070 1024.0
1071 1024.0
1072 1024.0
1073 1024.0
1074 1024.0
1075 1024.0
1076 1024.0
1077 1024.0
1078 1024.0
1079 1024.0
1080 1024.0
1081 1024.0
1082 1024.0
1083 1024.0
1084 1024.0
1085 1024.0
1086 1024.0
1087 1024.0
1088 1024.0
1089 1024.0
1090 1024.0
1091 1024.0
1092 1024.0
1093 1024.0
1094 1024.0
1095 1024.0
1096 1024.0
1097 1024.0
1098 1024.0
1099 1024.0
1100 1024.0
1101 1024.0
1102 1024.0
1103 1024.0
1104 1024.0
1105 1024.0
1106 1024.0
1107 1024.0
1108 1024.0
1109 1024.0
1110 1024.0
1111 1024.0
1112 1024.0
1113 1024.0
1114 1024.0
1115 1024.0
1116 1024.0
1117 1024.0
1118 1024.0
1119 1024.0
1120 1024.0
1121 1024.0
1122 1024.0
1123 1024.0
1124 1024.0
1125 1024.0
1126 1024.0
1127 1024.0
1128 1024.0
1129 1024.0
1130 1024.0
1131 1024.0
1132 1024.0
1133 1024.0
1134 1024.0
1135 1024.0
1136 1024.0
1137 1024.0
1138 1024.0
1139 1024.0
1140 1024.0
1141 1024.0
1142 1024.0
1143 1024.0
1144 1024.0
1145 1024.0
1146 1024.0
1147 1024.0
1148 1024.0
1149 1024.0
1150 1024.0
1151 1024.0
1152 1024.0
1153 1024.0
1154 1024.0
1155 1024.0
1156 1024.0
1157 1024.0
1158 1024.0
1159 1024.0
1160 1024.0
1161 1024.0
1162 1024.0
1163 1024.0
1164 1024.0
1165 1024.0
1166 1024.0
1167 1024.0
1168 1024.0
1169 1024.0
1170 1024.0
1171 1024.0
1172 1024.0
1173 1024.0
1174 1024.0
1175 1024.0
1176 1024.0
1177 1024.0
1178 1024.0
1179 1024.0
1180 1024.0
1181 1024.0
1182 1024.0
1183 1024.0
1184 1024.0
1185 1024.0
1186 1024.0
1187 1024.0
1188 1024.0
1189 1024.0
1190 1024.0
1191 1024.0
1192 1024.0
1193 1024.0
1194 1024.0
1195 1024.0
1196 1024.0
1197 1024.0
1198 1024.0
1199 1024.0
1200 1024.0
1201 1024.0
1202 1024.0
1203 1024.0
1204 1024.0
1205 1024.0
1206 1024.0
1207 1024.0
1208 1024.0
1209 1024.0
1210 1024.0
1211 1024.0
1212 1024.0
1213 1024.0
1214 1024.0
1215 1024.0
1216 1024.0
1217 1024.0
1218 1024.0
1219 1024.0
1220 1024.0
1221 1024.0
1222 1024.0
1223 1024.0
1224 1024.0
1225 1024.0
1226 1024.0
1227 1024.0
1228 1024.0
1229 1024.0
1230 1024.0
1231 1024.0
1232 1024.0
1233 1024.0
1234 1024.0
1235 1024.0
1236 1024.0
1237 1024.0
1238 1024.0
1239 1024.0
1240 1024.0
1241 1024.0
1242 1024.0
1243 1024.0
1244 1024.0
1245 1024.0
1246 1024.0
1247 1024.0
1248 1024.0
1249 1024.0
1250 1024.0
1251 1024.0
1252 1024.0
1253 1024.0
1254 1024.0
1255 1024.0
1256 1024.0
1257 1024.0
1258 1024.0
1259 1024.0
1260 1024.0
1261 1024.0
1262 1024.0
1263 1024.0
1264 1024.0
1265 1024.0
1266 1024.0
1267 1024.0
1268 1024.0
1269 1024.0
1270 1024.0
1271 1024.0
1272 1024.0
1273 1024.0
1274 1024.0
1275 1024.0
1276 1024.0
1277 1024.0
1278 1024.0
1279 1024.0
1280 1024.0
1281 1024.0
1282 1024.0
1283 1024.0
1284 1024.0
1285 1024.0
1286 1024.0
1287 1024.0
1288 1024.0
1289 1024.0
1290 1024.0
1291 1024.0
1292 1024.0
1293 1024.0
1294 1024.0
1295 1024.0
1296 1024.0
1297 1024.0
1298 1024.0
1299 1024.0
1300 1024.0
1301 1024.0
1302 1024.0
1303 1024.0
1304 1024.0
1305 1024.0
1306 1024.0
1307 1024.0
1308 1024.0
1309 1024.0
1310 1024.0
1311 1024.0
1312 1024.0
1313 1024.0
1314 1024.0
1315 1024.0
1316 1024.0
1317 1024.0
1318 1024.0
1319 1024.0
1320 1024.0
1321 1024.0
1322 1024.0
1323 1024.0
1324 1024.0
1325 1024.0
1326 1024.0
1327 1024.0
1328 1024.0
1329 1024.0
1330 1024.0
1331 1024.0
1332 1024.0
1333 1024.0
1334 1024.0
1335 1024.0
1336 1024.0
1337 1024.0
1338 1024.0
1339 1024.0
1340 1024.0
1341 1024.0
1342 1024.0
1343 1024.0
1344 1024.0
1345 1024.0
1346 1024.0
1347 1024.0
1348 1024.0
1349 1024.0
1350 1024.0
1351 1024.0
1352 1024.0
1353 1024.0
1354 1024.0
1355 1024.0
1356 1024.0
1357 1024.0
1358 1024.0
1359 1024.0
1360 1024.0
1361 1024.0
1362 1024.0
1363 1024.0
1364 1024.0
1365 1024.0
1366 1024.0
1367 1024.0
1368 1024.0
1369 1024.0
1370 1024.0
1371 1024.0
1372 1024.0
1373 1024.0
1374 1024.0
1375 1024.0
1376 1024.0
1377 1024.0
1378 1024.0
1379 1024.0
1380 1024.0
1381 1024.0
1382 1024.0
1383 1024.0
1384 1024.0
1385 1024.0
1386 1024.0
1387 1024.0
1388 1024.0
1389 1024.0
1390 1024.0
1391 1024.0
1392 1024.0
1393 1024.0
1394 1024.0
1395 1024.0
1396 1024.0
1397 1024.0
1398 1024.0
1399 1024.0
1400 1024.0
1401 1024.0
1402 1024.0
1403 1024.0
1404 1024.0
1405 1024.0
1406 1024.0
1407 1024.0
1408 1024.0
1409 1024.0
1410 1024.0
1411 1024.0
1412 1024.0
1413 1024.0
1414 1024.0
1415 1024.0
1416 1024.0
1417 1024.0
1418 1024.0
1419 1024.0
1420 1024.0
1421 1024.0
1422 1024.0
1423 1024.0
1424 1024.0
1425 1024.0
1426 1024.0
1427 1024.0
1428 1024.0
1429 1024.0
1430 1024.0
1431 1024.0
1432 1024.0
1433 1024.0
1434 1024.0
1435 1024.0
1436 1024.0
1437 1024.0
1438 1024.0
1439 1024.0
1440 1024.0
1441 1024.0
1442 1024.0
1443 1024.0
1444 1024.0
1445 1024.0
1446 1024.0
1447 1024.0
1448 1024.0
1449 1024.0
1450 1024.0
1451 1024.0
1452 1024.0
1453 1024.0
1454 1024.0
1455 1024.0
1456 1024.0
1457 1024.0
1458 1024.0
1459 1024.0
1460 1024.0
1461 1024.0
1462 1024.0
1463 1024.0
1464 1024.0
1465 1024.0
1466 1024.0
1467 1024.0
1468 1024.0
1469 1024.0
1470 1024.0
1471 1024.0
1472 1024.0
1473 1024.0
1474 1024.0
1475 1024.0
1476 1024.0
1477 1024.0
1478 1024.0
1479 1024.0
1480 1024.0
1481 1024.0
1482 1024.0
1483 1024.0
1484 1024.0
1485 1024.0
1486 1024.0
1487 1024.0
1488 1024.0
1489 1024.0
1490 1024.0
1491 1024.0
1492 1024.0
1493 1024.0
1494 1024.0
1495 1024.0
1496 1024.0
1497 1024.0
1498 1024.0
1499 1024.0
1500 1024.0
1501 1024.0
1502 1024.0
1503 1024.0
1504 1024.0
1505 1024.0
1506 1024.0
1507 1024.0
1508 1024.0
1509 1024.0
1510 1024.0
1511 1024.0
1512 1024.0
1513 1024.0
1514 1024.0
1515 1024.0
1516 1024.0
1517 1024.0
1518 1024.0
1519 1024.0
1520 1024.0
1521 1024.0
1522 1024.0
1523 1024.0
1524 1024.0
1525 1024.0
1526 1024.0
1527 1024.0
1528 1024.0
1529 1024.0
1530 1024.0
1531 1024.0
1532 1024.0
1533 1024.0
1534 1024.0
1535 1024.0
1536 1024.0
1537 1024.0
1538 1024.0
1539 1024.0
1540 1024.0
1541 1024.0
1542 1024.0
1543 1024.0
1544 1024.0
1545 1024.0
1546 1024.0
1547 1024.0
1548 1024.0
1549 1024.0
1550 1024.0
1551 1024.0
1552 1024.0
1553 1024.0
1554 1024.0
1555 1024.0
1556 1024.0
1557 1024.0
1558 1024.0
1559 1024.0
1560 1024.0
1561 1024.0
1562 1024.0
1563 1024.0
1564 1024.0
1565 1024.0
1566 1024.0
1567 1024.0
1568 1024.0
1569 1024.0
1570 1024.0
1571 1024.0
1572 1024.0
1573 1024.0
1574 1024.0
1575 1024.0
1576 1024.0
1577 1024.0
1578 1024.0
1579 1024.0
1580 1024.0
1581 1024.0
1582 1024.0
1583 1024.0
1584 1024.0
1585 1024.0
1586 1024.0
1587 1024.0
1588 1024.0
1589 1024.0
1590 1024.0
1591 1024.0
1592 1024.0
1593 1024.0
1594 1024.0
1595 1024.0
1596 1024.0
1597 1024.0
1598 1024.0
1599 1024.0
1600 1024.0
1601 1024.0
1602 1024.0
1603 1024.0
1604 1024.0
1605 1024.0
1606 1024.0
1607 1024.0
1608 1024.0
1609 1024.0
1610 1024.0
1611 1024.0
1612 1024.0
1613 1024.0
1614 1024.0
1615 1024.0
1616 1024.0
1617 1024.0
1618 1024.0
1619 1024.0
1620 1024.0
1621 1024.0
1622 1024.0
1623 1024.0
1624 1024.0
1625 1024.0
1626 1024.0
1627 1024.0
1628 1024.0
1629 1024.0
1630 1024.0
1631 1024.0
1632 1024.0
1633 1024.0
1634 1024.0
