1 5.5
2 7.0
3 8.5
4 10.0
5 11.5
6 13.0
7 14.5
8 16.0
9 4.8
10 6.3
11 7.8
12 9.3
13 10.8
14 12.3
15 13.8
16 15.3
17 16.8
18 18.3
19 19.8
20 21.3
21 22.8
22 24.3
23 24.341152263374486
24 24.382234952853597
25 24.42324842032012
26 24.46419301469963
27 24.505069081995174
28 26.005069081995174
29 27.505069081995174
30 29.005069081995174
31 30.505069081995174
32 32.005069081995174
33 33.505069081995174
34 35.005069081995174
35 36.505069081995174
36 36.53246253789452
37 36.559835453119234
38 36.58718787381824
39 36.614519845967855
40 36.64183141537275
41 36.66912262766681
42 36.69639352831403
43 36.72364416260943
44 36.75087457567988
45 36.77808481248501
46 36.80527491781808
47 36.832444936306814
48 36.85959491241427
49 36.8867248904397
50 36.91383491451937
51 36.94092502862742
52 36.96799527657668
53 38.46799527657668
54 39.96799527657668
55 41.46799527657668
56 42.96799527657668
57 44.46799527657668
58 45.96799527657668
59 47.46799527657668
60 48.96799527657668
61 48.98841677830147
62 49.008829767039714
63 49.029234253430296
64 49.049630248089954
65 49.07001776161334
66 49.0903968045731
67 49.11076738751993
68 49.131129520982626
69 49.151483215468176
70 49.1718284814618
71 49.192165329427034
72 49.21249376980577
73 49.232813813018325
74 49.25312546946351
75 49.2734287495187
76 49.29372366353988
77 49.3140102218617
78 49.33428843479756
79 49.354558312639654
80 49.37481986565904
81 49.3950731041057
82 49.41531803820859
83 49.43555467817571
84 49.45578303419417
85 49.47600311643023
86 49.49621493502937
87 49.51641850011637
88 49.536613821795335
89 49.55680091014977
90 51.05680091014977
91 52.55680091014977
92 54.05680091014977
93 55.55680091014977
94 57.05680091014977
95 58.55680091014977
96 60.05680091014977
97 61.55680091014977
98 61.57304606885221
99 61.589286941504206
100 61.605523531496715
101 61.6217558422162
102 61.63798387704469
103 61.65420763935974
104 61.67042713253447
105 61.686642359937565
106 61.70285332493328
107 61.719060030881444
108 61.73526248113748
109 61.75146067905242
110 61.767654627972874
111 61.783844331241085
112 61.8000297921949
113 61.816211014167806
114 61.83238800048893
115 61.84856075448304
116 61.864729279470545
117 61.88089357876753
118 61.89705365568573
119 61.91320951353258
120 61.92936115561118
121 61.94550858522034
122 61.96165180565454
123 61.977790820204
124 61.993925632154635
125 62.010056244788096
126 62.02618266138176
127 62.04230488520874
128 62.058422919537904
129 62.07453676763386
130 62.09064643275699
131 62.10675191816345
132 62.122853227105146
133 62.13895036282981
134 62.15504332858094
135 62.171132127597836
136 62.187216763115615
137 62.2032972383652
138 62.21937355657335
139 62.235445720962645
140 63.735445720962645
141 65.23544572096264
142 66.73544572096264
143 68.23544572096264
144 69.73544572096264
145 71.23544572096264
146 72.73544572096264
147 74.23544572096264
148 74.24891637491088
149 74.26238458493768
150 74.27585035237283
151 74.28931367854487
152 74.30277456478117
153 74.31623301240789
154 74.32968902274997
155 74.34314259713119
156 74.35659373687409
157 74.37004244330002
158 74.38348871772916
159 74.3969325614805
160 74.41037397587179
161 74.42381296221964
162 74.43724952183945
163 74.45068365604543
164 74.46411536615061
165 74.47754465346682
166 74.49097151930475
167 74.50439596497385
168 74.51781799178245
169 74.53123760103766
170 74.54465479404541
171 74.5580695721105
172 74.5714819365365
173 74.58489188862583
174 74.59829942967977
175 74.61170456099838
176 74.62510728388058
177 74.63850759962413
178 74.6519055095256
179 74.66530101488043
180 74.67869411698284
181 74.69208481712596
182 74.70547311660171
183 74.71885901670088
184 74.73224251871308
185 74.7456236239268
186 74.75900233362934
187 74.77237864910687
188 74.7857525716444
189 74.7991241025258
190 74.81249324303377
191 74.8258599944499
192 74.8392243580546
193 74.85258633512714
194 74.86594592694568
195 74.87930313478722
196 74.89265795992762
197 74.90601040364159
198 74.91936046720272
199 74.93270815188347
200 74.94605345895516
201 74.95939638968797
202 74.97273694535095
203 76.47273694535095
204 77.97273694535095
205 79.47273694535095
206 80.97273694535095
207 82.47273694535095
208 83.97273694535095
209 85.47273694535095
210 86.97273694535095
211 86.98423480128973
212 86.99573113740495
213 87.00722595429913
214 87.01871925257444
215 87.03021103283264
216 87.04170129567508
217 87.05319004170272
218 87.06467727151613
219 87.07616298571548
220 87.08764718490056
221 87.09912986967073
222 87.11061104062499
223 87.1220906983619
224 87.13356884347968
225 87.14504547657612
226 87.15652059824862
227 87.1679942090942
228 87.1794663097095
229 87.19093690069072
230 87.2024059826337
231 87.2138735561339
232 87.22533962178636
233 87.23680418018574
234 87.24826723192632
235 87.25972877760196
236 87.27118881780618
237 87.28264735313205
238 87.2941043841723
239 87.30555991151924
240 87.31701393576482
241 26.195104180729444
242 27.695104180729444
243 29.195104180729444
244 30.695104180729444
245 32.195104180729444
246 33.695104180729444
247 35.195104180729444
248 36.695104180729444
249 38.195104180729444
250 39.695104180729444
251 41.195104180729444
252 42.695104180729444
253 44.195104180729444
254 45.695104180729444
255 47.195104180729444
256 48.695104180729444
257 50.195104180729444
258 15.058531254218833
259 16.558531254218835
260 18.058531254218835
261 19.558531254218835
262 21.058531254218835
263 22.558531254218835
264 24.058531254218835
265 25.558531254218835
266 27.058531254218835
267 28.558531254218835
268 30.058531254218835
269 31.558531254218835
270 33.058531254218835
271 34.558531254218835
272 36.058531254218835
273 37.558531254218835
274 39.058531254218835
275 40.558531254218835
276 42.058531254218835
277 43.558531254218835
278 45.058531254218835
279 46.558531254218835
280 48.058531254218835
281 49.558531254218835
282 51.058531254218835
283 52.558531254218835
284 54.058531254218835
285 55.558531254218835
286 57.058531254218835
287 58.558531254218835
288 60.058531254218835
289 61.558531254218835
290 63.058531254218835
291 64.55853125421883
292 66.05853125421883
293 67.55853125421883
294 69.05853125421883
295 70.55853125421883
296 72.05853125421883
297 73.55853125421883
298 75.05853125421883
299 76.55853125421883
300 78.05853125421883
301 78.07134215373145
302 78.08415095107517
303 78.09695764728458
304 78.10976224339339
305 78.12256474043447
306 78.13536513943984
307 78.14816344144067
308 78.16095964746731
309 78.17375375854924
310 78.18654577571512
311 78.19933569999273
312 78.21212353240907
313 78.22490927399024
314 78.23769292576154
315 79.73769292576154
316 81.23769292576154
317 82.73769292576154
318 84.23769292576154
319 85.73769292576154
320 87.23769292576154
321 88.73769292576154
322 90.23769292576154
323 91.73769292576154
324 93.23769292576154
325 94.73769292576154
326 96.23769292576154
327 97.73769292576154
328 99.23769292576154
329 100.73769292576154
330 102.23769292576154
331 103.73769292576154
332 105.23769292576154
333 106.73769292576154
334 108.23769292576154
335 109.73769292576154
336 111.23769292576154
337 112.73769292576154
338 114.23769292576154
339 115.73769292576154
340 34.72130787772846
341 36.22130787772846
342 37.72130787772846
343 39.22130787772846
344 40.72130787772846
345 42.22130787772846
346 43.72130787772846
347 45.22130787772846
348 46.72130787772846
349 48.22130787772846
350 49.72130787772846
351 51.22130787772846
352 52.72130787772846
353 54.22130787772846
354 55.72130787772846
355 57.22130787772846
356 58.72130787772846
357 60.22130787772846
358 61.72130787772846
359 63.22130787772846
360 64.72130787772846
361 66.22130787772846
362 67.72130787772846
363 69.22130787772846
364 70.72130787772846
365 72.22130787772846
366 73.72130787772846
367 75.22130787772846
368 76.72130787772846
369 78.22130787772846
370 79.72130787772846
371 81.22130787772846
372 82.72130787772846
373 84.22130787772846
374 85.72130787772846
375 87.22130787772846
376 88.72130787772846
377 90.22130787772846
378 91.72130787772846
379 93.22130787772846
380 94.72130787772846
381 96.22130787772846
382 97.72130787772846
383 99.22130787772846
384 100.72130787772846
385 102.22130787772846
386 103.72130787772846
387 31.11639236331854
388 32.61639236331854
389 34.11639236331854
390 35.61639236331854
391 37.11639236331854
392 38.61639236331854
393 40.11639236331854
394 41.61639236331854
395 43.11639236331854
396 44.61639236331854
397 46.11639236331854
398 47.61639236331854
399 49.11639236331854
400 50.61639236331854
401 52.11639236331854
402 53.61639236331854
403 55.11639236331854
404 56.61639236331854
405 58.11639236331854
406 59.61639236331854
407 61.11639236331854
408 62.61639236331854
409 64.11639236331854
410 65.61639236331854
411 67.11639236331854
412 68.61639236331854
413 70.11639236331854
414 71.61639236331854
415 73.11639236331854
416 74.61639236331854
417 76.11639236331854
418 77.61639236331854
419 79.11639236331854
420 80.61639236331854
421 82.11639236331854
422 83.61639236331854
423 85.11639236331854
424 86.61639236331854
425 88.11639236331854
426 89.61639236331854
427 91.11639236331854
428 92.61639236331854
429 94.11639236331854
430 95.61639236331854
431 97.11639236331854
432 98.61639236331854
433 100.11639236331854
434 101.61639236331854
435 103.11639236331854
436 104.61639236331854
437 106.11639236331854
438 107.61639236331854
439 109.11639236331854
440 110.61639236331854
441 112.11639236331854
442 113.61639236331854
443 115.11639236331854
444 116.61639236331854
445 118.11639236331854
446 119.61639236331854
447 121.11639236331854
448 122.61639236331854
449 124.11639236331854
450 125.61639236331854
451 127.11639236331854
452 128.61639236331854
453 130.11639236331854
454 131.61639236331854
455 133.11639236331854
456 134.61639236331854
457 136.11639236331854
458 137.61639236331854
459 139.11639236331854
460 140.61639236331854
461 142.11639236331854
462 143.61639236331854
463 145.11639236331854
464 146.61639236331854
465 148.11639236331854
466 149.61639236331854
467 151.11639236331854
468 152.61639236331854
469 154.11639236331854
470 155.61639236331854
471 157.11639236331854
472 157.1227570715769
473 157.1291215220145
474 157.13548571466262
475 157.14184964955265
476 157.14821332671588
477 157.15457674618358
478 157.1609399079871
479 157.16730281215774
480 157.17366545872676
481 157.18002784772546
482 157.18638997918512
483 157.19275185313703
484 157.1991134696124
485 157.20547482864254
486 157.21183593025867
487 157.21819677449207
488 157.22455736137397
489 157.2309176909356
490 157.2372777632082
491 157.24363757822297
492 47.17309127346689
493 48.67309127346689
494 50.17309127346689
495 51.67309127346689
496 53.17309127346689
497 54.67309127346689
498 16.401927382040064
499 17.901927382040064
500 19.401927382040064
501 20.901927382040064
502 22.401927382040064
503 23.901927382040064
504 25.401927382040064
505 26.901927382040064
506 28.401927382040064
507 29.901927382040064
508 31.401927382040064
509 32.901927382040064
510 34.401927382040064
511 35.901927382040064
512 37.401927382040064
513 38.901927382040064
514 40.401927382040064
515 41.901927382040064
516 43.401927382040064
517 44.901927382040064
518 46.401927382040064
519 47.901927382040064
520 49.401927382040064
521 50.901927382040064
522 52.401927382040064
523 53.901927382040064
524 55.401927382040064
525 56.901927382040064
526 58.401927382040064
527 59.901927382040064
528 61.401927382040064
529 62.901927382040064
530 64.40192738204007
531 65.90192738204007
532 67.40192738204007
533 68.90192738204007
534 70.40192738204007
535 71.90192738204007
536 73.40192738204007
537 74.90192738204007
538 76.40192738204007
539 77.90192738204007
540 79.40192738204007
541 80.90192738204007
542 82.40192738204007
543 83.90192738204007
544 83.91384605937208
545 83.92576304383842
546 83.93767833616025
547 83.94959193705823
548 83.9615038472525
549 25.18845115417575
550 26.68845115417575
551 28.18845115417575
552 29.68845115417575
553 31.18845115417575
554 32.68845115417575
555 34.18845115417575
556 35.68845115417575
557 37.18845115417575
558 38.68845115417575
559 40.18845115417575
560 41.68845115417575
561 43.18845115417575
562 44.68845115417575
563 46.18845115417575
564 47.68845115417575
565 49.18845115417575
566 50.68845115417575
567 52.18845115417575
568 53.68845115417575
569 55.18845115417575
570 56.68845115417575
571 58.18845115417575
572 59.68845115417575
573 61.18845115417575
574 62.68845115417575
575 64.18845115417575
576 65.68845115417575
577 67.18845115417575
578 68.68845115417575
579 70.18845115417575
580 71.68845115417575
581 73.18845115417575
582 74.68845115417575
583 76.18845115417575
584 77.68845115417575
585 79.18845115417575
586 80.68845115417575
587 82.18845115417575
588 83.68845115417575
589 85.18845115417575
590 86.68845115417575
591 88.18845115417575
592 89.68845115417575
593 91.18845115417575
594 92.68845115417575
595 94.18845115417575
596 95.68845115417575
597 97.18845115417575
598 98.68845115417575
599 100.18845115417575
600 101.68845115417575
601 103.18845115417575
602 104.68845115417575
603 106.18845115417575
604 107.68845115417575
605 109.18845115417575
606 110.68845115417575
607 112.18845115417575
608 113.68845115417575
609 115.18845115417575
610 116.68845115417575
611 118.18845115417575
612 119.68845115417575
613 121.18845115417575
614 122.68845115417575
615 124.18845115417575
616 125.68845115417575
617 127.18845115417575
618 127.19631350324066
619 127.20417536631246
620 127.21203674348125
621 127.21989763483712
622 38.16596929045114
623 39.66596929045114
624 41.16596929045114
625 42.66596929045114
626 44.16596929045114
627 45.66596929045114
628 47.16596929045114
629 48.66596929045114
630 50.16596929045114
631 51.66596929045114
632 53.16596929045114
633 54.66596929045114
634 56.16596929045114
635 57.66596929045114
636 59.16596929045114
637 60.66596929045114
638 62.16596929045114
639 63.66596929045114
640 65.16596929045113
641 66.66596929045113
642 68.16596929045113
643 69.66596929045113
644 71.16596929045113
645 72.66596929045113
646 74.16596929045113
647 75.66596929045113
648 77.16596929045113
649 78.66596929045113
650 80.16596929045113
651 81.66596929045113
652 83.16596929045113
653 84.66596929045113
654 86.16596929045113
655 87.66596929045113
656 89.16596929045113
657 90.66596929045113
658 92.16596929045113
659 93.66596929045113
660 95.16596929045113
661 96.66596929045113
662 98.16596929045113
663 99.66596929045113
664 101.16596929045113
665 102.66596929045113
666 104.16596929045113
667 105.66596929045113
668 107.16596929045113
669 108.66596929045113
670 110.16596929045113
671 111.66596929045113
672 113.16596929045113
673 114.66596929045113
674 116.16596929045113
675 117.66596929045113
676 119.16596929045113
677 120.66596929045113
678 122.16596929045113
679 123.66596929045113
680 125.16596929045113
681 126.66596929045113
682 128.16596929045113
683 129.66596929045113
684 131.16596929045113
685 132.66596929045113
686 134.16596929045113
687 135.66596929045113
688 137.16596929045113
689 138.66596929045113
690 140.16596929045113
691 141.66596929045113
692 143.16596929045113
693 144.66596929045113
694 146.16596929045113
695 147.66596929045113
696 149.16596929045113
697 150.66596929045113
698 152.16596929045113
699 153.66596929045113
700 155.16596929045113
701 156.66596929045113
702 158.16596929045113
703 159.66596929045113
704 161.16596929045113
705 162.66596929045113
706 164.16596929045113
707 165.66596929045113
708 167.16596929045113
709 168.66596929045113
710 170.16596929045113
711 171.66596929045113
712 173.16596929045113
713 174.66596929045113
714 176.16596929045113
715 177.66596929045113
716 179.16596929045113
717 180.66596929045113
718 182.16596929045113
719 183.66596929045113
720 185.16596929045113
721 186.66596929045113
722 188.16596929045113
723 189.66596929045113
724 191.16596929045113
725 192.66596929045113
726 192.67115962065674
727 192.67634981104106
728 192.68153986161542
729 192.6867297723911
730 192.69191954337938
731 192.6971091745916
732 192.70229866603898
733 192.70748801773289
734 192.71267722968457
735 192.71786630190533
736 192.72305523440644
737 192.72824402719922
738 192.73343268029492
739 192.73862119370483
740 192.74380956744022
741 192.74899780151242
742 192.75418589593266
743 192.75937385071222
744 192.7645616658624
745 192.76974934139446
746 192.77493687731965
747 192.78012427364928
748 192.78531153039458
749 192.79049864756684
750 192.79568562517733
751 192.8008724632373
752 192.80605916175804
753 192.81124572075078
754 192.8164321402268
755 192.82161842019732
756 192.82680456067365
757 192.83199056166703
758 192.83717642318868
759 194.33717642318868
760 195.83717642318868
761 197.33717642318868
762 198.83717642318868
763 200.33717642318868
764 201.83717642318868
765 203.33717642318868
766 204.83717642318868
767 206.33717642318868
768 207.83717642318868
769 209.33717642318868
770 210.83717642318868
771 212.33717642318868
772 213.83717642318868
773 215.33717642318868
774 216.83717642318868
775 218.33717642318868
776 219.83717642318868
777 221.33717642318868
778 222.83717642318868
779 224.33717642318868
780 225.83717642318868
781 227.33717642318868
782 228.83717642318868
783 230.33717642318868
784 231.83717642318868
785 233.33717642318868
786 234.83717642318868
787 236.33717642318868
788 237.83717642318868
789 239.33717642318868
790 240.83717642318868
791 242.33717642318868
792 243.83717642318868
793 245.33717642318868
794 246.83717642318868
795 248.33717642318868
796 249.83717642318868
797 251.33717642318868
798 252.83717642318868
799 254.33717642318868
800 255.83717642318868
801 257.3371764231887
802 258.8371764231887
803 260.3371764231887
804 261.8371764231887
805 263.3371764231887
806 264.8371764231887
807 266.3371764231887
808 267.8371764231887
809 269.3371764231887
810 270.8371764231887
811 272.3371764231887
812 273.8371764231887
813 275.3371764231887
814 276.8371764231887
815 278.3371764231887
816 279.8371764231887
817 281.3371764231887
818 282.8371764231887
819 284.3371764231887
820 285.8371764231887
821 287.3371764231887
822 288.8371764231887
823 288.8406385813928
824 288.8441006980981
825 288.8475627733061
826 288.8510248070183
827 288.85448679923616
828 288.85794874996117
829 288.86141065919486
830 288.8648725269387
831 288.8683343531942
832 288.8717961379628
833 288.87525788124606
834 288.87871958304544
835 288.8821812433624
836 288.8856428621985
837 288.8891044395552
838 288.89256597543397
839 288.8960274698363
840 288.89948892276374
841 288.9029503342177
842 288.9064117041997
843 288.90987303271123
844 288.9133343197538
845 288.91679556532887
846 288.92025676943797
847 288.9237179320826
848 288.9271790532642
849 288.93064013298425
850 288.9341011712443
851 288.9375621680458
852 288.94102312339027
853 288.94448403727915
854 86.68334521118375
855 88.18334521118375
856 89.68334521118375
857 91.18334521118375
858 92.68334521118375
859 94.18334521118375
860 95.68334521118375
861 97.18334521118375
862 98.68334521118375
863 100.18334521118375
864 101.68334521118375
865 103.18334521118375
866 104.68334521118375
867 106.18334521118375
868 107.68334521118375
869 109.18334521118375
870 110.68334521118375
871 112.18334521118375
872 113.68334521118375
873 115.18334521118375
874 116.68334521118375
875 118.18334521118375
876 119.68334521118375
877 121.18334521118375
878 122.68334521118375
879 124.18334521118375
880 125.68334521118375
881 127.18334521118375
882 128.68334521118373
883 130.18334521118373
884 131.68334521118373
885 133.18334521118373
886 134.68334521118373
887 136.18334521118373
888 137.68334521118373
889 139.18334521118373
890 140.68334521118373
891 142.18334521118373
892 143.68334521118373
893 145.18334521118373
894 146.68334521118373
895 148.18334521118373
896 149.68334521118373
897 151.18334521118373
898 152.68334521118373
899 154.18334521118373
900 155.68334521118373
901 157.18334521118373
902 158.68334521118373
903 160.18334521118373
904 161.68334521118373
905 163.18334521118373
906 164.68334521118373
907 166.18334521118373
908 167.68334521118373
909 169.18334521118373
910 170.68334521118373
911 172.18334521118373
912 173.68334521118373
913 175.18334521118373
914 52.55500356335512
915 54.05500356335512
916 55.55500356335512
917 57.05500356335512
918 58.55500356335512
919 60.05500356335512
920 61.55500356335512
921 63.05500356335512
922 64.55500356335511
923 66.05500356335511
924 67.55500356335511
925 69.05500356335511
926 70.55500356335511
927 72.05500356335511
928 73.55500356335511
929 75.05500356335511
930 76.55500356335511
931 78.05500356335511
932 79.55500356335511
933 81.05500356335511
934 82.55500356335511
935 84.05500356335511
936 85.55500356335511
937 87.05500356335511
938 88.55500356335511
939 90.05500356335511
940 91.55500356335511
941 93.05500356335511
942 94.55500356335511
943 96.05500356335511
944 97.55500356335511
945 99.05500356335511
946 100.55500356335511
947 102.05500356335511
948 103.55500356335511
949 105.05500356335511
950 106.55500356335511
951 108.05500356335511
952 109.55500356335511
953 111.05500356335511
954 112.55500356335511
955 114.05500356335511
956 115.55500356335511
957 117.05500356335511
958 118.55500356335511
959 120.05500356335511
960 121.55500356335511
961 123.05500356335511
962 124.55500356335511
963 126.05500356335511
964 127.55500356335511
965 129.05500356335511
966 130.55500356335511
967 132.05500356335511
968 133.55500356335511
969 135.05500356335511
970 136.55500356335511
971 138.05500356335511
972 139.55500356335511
973 141.05500356335511
974 142.55500356335511
975 144.05500356335511
976 145.55500356335511
977 147.05500356335511
978 148.55500356335511
979 150.05500356335511
980 151.55500356335511
981 153.05500356335511
982 154.55500356335511
983 156.05500356335511
984 157.55500356335511
985 159.05500356335511
986 160.55500356335511
987 162.05500356335511
988 48.61650106900653
989 50.11650106900653
990 51.61650106900653
991 53.11650106900653
992 54.61650106900653
993 56.11650106900653
994 57.61650106900653
995 17.28495032070196
996 18.78495032070196
997 20.28495032070196
998 21.78495032070196
999 23.28495032070196
1000 24.78495032070196
1001 26.28495032070196
1002 27.78495032070196
1003 29.28495032070196
1004 30.78495032070196
1005 32.28495032070196
1006 33.78495032070196
1007 35.28495032070196
1008 36.78495032070196
1009 38.28495032070196
1010 39.78495032070196
1011 41.28495032070196
1012 42.78495032070196
1013 44.28495032070196
