1 2.0
2 3.0
3 4.0
4 5.0
5 6.0
6 7.0
7 8.0
8 9.0
9 10.0
10 11.0
11 12.0
12 13.0
13 14.0
14 15.0
15 16.0
16 17.0
17 18.0
18 19.0
19 20.0
20 21.0
21 22.0
22 23.0
23 24.0
24 25.0
25 26.0
26 27.0
27 28.0
28 29.0
29 30.0
30 31.0
31 32.0
32 33.0
33 34.0
34 35.0
35 36.0
36 37.0
37 38.0
38 39.0
39 40.0
40 41.0
41 42.0
42 43.0
43 44.0
44 45.0
45 46.0
46 47.0
47 48.0
48 49.0
49 50.0
50 51.0
51 52.0
52 53.0
53 54.0
54 55.0
55 56.0
56 57.0
57 58.0
58 59.0
59 60.0
60 61.0
61 62.0
62 63.0
63 64.0
64 65.0
65 66.0
66 67.0
67 68.0
68 69.0
69 70.0
70 71.0
71 72.0
72 73.0
73 74.0
74 75.0
75 76.0
76 77.0
77 78.0
78 79.0
79 80.0
80 81.0
81 82.0
82 83.0
83 84.0
84 85.0
85 86.0
86 87.0
87 88.0
88 89.0
89 90.0
90 91.0
91 92.0
92 93.0
93 94.0
94 95.0
95 96.0
96 97.0
97 98.0
98 99.0
99 100.0
100 101.0
101 102.0
102 103.0
103 104.0
104 105.0
105 106.0
106 107.0
107 108.0
108 109.0
109 110.0
110 111.0
111 112.0
112 113.0
113 114.0
114 115.0
115 116.0
116 117.0
117 118.0
118 119.0
119 120.0
120 121.0
121 122.0
122 123.0
123 124.0
124 125.0
125 126.0
126 127.0
127 128.0
128 129.0
129 130.0
130 131.0
131 132.0
132 133.0
133 134.0
134 135.0
135 136.0
136 137.0
137 138.0
138 139.0
139 140.0
140 141.0
141 142.0
142 143.0
143 144.0
144 145.0
145 146.0
146 147.0
147 148.0
148 149.0
149 150.0
150 151.0
151 152.0
152 153.0
153 154.0
154 155.0
155 156.0
156 157.0
157 158.0
158 159.0
159 160.0
160 161.0
161 162.0
162 163.0
163 164.0
164 165.0
165 166.0
166 167.0
167 168.0
168 169.0
169 170.0
170 171.0
171 172.0
172 173.0
173 174.0
174 175.0
175 176.0
176 177.0
177 178.0
178 179.0
179 180.0
180 181.0
181 182.0
182 183.0
183 184.0
184 185.0
185 186.0
186 187.0
187 188.0
188 189.0
189 190.0
190 191.0
191 192.0
192 193.0
193 194.0
194 195.0
195 196.0
196 197.0
197 198.0
198 199.0
199 200.0
200 201.0
201 202.0
202 203.0
203 204.0
204 205.0
205 61.5
206 62.5
207 63.5
208 64.5
209 65.5
210 66.5
211 67.5
212 68.5
213 69.5
214 70.5
215 71.5
216 72.5
217 73.5
218 74.5
219 75.5
220 76.5
221 77.5
222 78.5
223 79.5
224 80.5
225 81.5
226 82.5
227 83.5
228 84.5
229 85.5
230 86.5
231 87.5
232 88.5
233 89.5
234 90.5
235 91.5
236 92.5
237 93.5
238 94.5
239 95.5
240 96.5
241 97.5
242 98.5
243 99.5
244 100.5
245 101.5
246 102.5
247 103.5
248 104.5
249 105.5
250 106.5
251 107.5
252 108.5
253 109.5
254 110.5
255 111.5
256 112.5
257 113.5
258 114.5
259 115.5
260 116.5
261 117.5
262 118.5
263 119.5
264 120.5
265 121.5
266 122.5
267 123.5
268 124.5
269 125.5
270 126.5
271 127.5
272 128.5
273 129.5
274 130.5
275 131.5
276 132.5
277 133.5
278 134.5
279 135.5
280 136.5
281 137.5
282 138.5
283 139.5
284 140.5
285 141.5
286 142.5
287 143.5
288 144.5
289 145.5
290 146.5
291 147.5
292 148.5
293 149.5
294 150.5
295 151.5
296 152.5
297 153.5
298 154.5
299 155.5
300 156.5
301 157.5
302 158.5
303 159.5
304 160.5
305 161.5
306 162.5
307 163.5
308 164.5
309 165.5
310 166.5
311 167.5
312 168.5
313 169.5
314 170.5
315 171.5
316 172.5
317 173.5
318 174.5
319 175.5
320 176.5
321 177.5
322 178.5
323 179.5
324 180.5
325 181.5
326 182.5
327 183.5
328 184.5
329 185.5
330 186.5
331 187.5
332 188.5
333 189.5
334 190.5
335 191.5
336 192.5
337 193.5
338 194.5
339 195.5
340 196.5
341 197.5
342 198.5
343 199.5
344 200.5
345 201.5
346 202.5
347 203.5
348 204.5
349 205.5
350 206.5
351 61.949999999999996
352 62.949999999999996
353 63.949999999999996
354 64.94999999999999
355 65.94999999999999
356 66.94999999999999
357 67.94999999999999
358 68.94999999999999
359 69.94999999999999
360 70.94999999999999
361 71.94999999999999
362 72.94999999999999
363 73.94999999999999
364 74.94999999999999
365 75.94999999999999
366 76.94999999999999
367 77.94999999999999
368 78.94999999999999
369 79.94999999999999
370 80.94999999999999
371 81.94999999999999
372 82.94999999999999
373 83.94999999999999
374 84.94999999999999
375 85.94999999999999
376 86.94999999999999
377 87.94999999999999
378 88.94999999999999
379 89.94999999999999
380 90.94999999999999
381 91.94999999999999
382 92.94999999999999
383 93.94999999999999
384 94.94999999999999
385 95.94999999999999
386 96.94999999999999
387 97.94999999999999
388 98.94999999999999
389 99.94999999999999
390 100.94999999999999
391 101.94999999999999
392 102.94999999999999
393 103.94999999999999
394 104.94999999999999
395 105.94999999999999
396 106.94999999999999
397 107.94999999999999
398 108.94999999999999
399 109.94999999999999
400 110.94999999999999
401 111.94999999999999
402 112.94999999999999
403 113.94999999999999
404 114.94999999999999
405 115.94999999999999
406 116.94999999999999
407 117.94999999999999
408 118.94999999999999
409 119.94999999999999
410 120.94999999999999
411 121.94999999999999
412 122.94999999999999
413 123.94999999999999
414 124.94999999999999
415 125.94999999999999
416 126.94999999999999
417 127.94999999999999
418 128.95
419 129.95
420 130.95
421 131.95
422 132.95
423 133.95
424 134.95
425 135.95
426 136.95
427 137.95
428 138.95
429 139.95
430 140.95
431 141.95
432 142.95
433 143.95
434 144.95
435 145.95
436 146.95
437 147.95
438 148.95
439 149.95
440 150.95
441 151.95
442 152.95
443 153.95
444 154.95
445 155.95
446 156.95
447 157.95
448 158.95
449 159.95
450 160.95
451 161.95
452 162.95
453 163.95
454 164.95
455 165.95
456 166.95
457 167.95
458 168.95
459 169.95
460 170.95
461 171.95
462 172.95
463 173.95
464 174.95
465 175.95
466 176.95
467 177.95
468 178.95
469 179.95
470 180.95
471 181.95
472 182.95
473 183.95
474 184.95
475 185.95
476 186.95
477 187.95
478 188.95
479 189.95
480 190.95
481 191.95
482 192.95
483 193.95
484 194.95
485 195.95
486 196.95
487 197.95
488 198.95
489 199.95
490 200.95
491 201.95
492 202.95
493 203.95
494 204.95
495 205.95
496 206.95
497 207.95
498 208.95
499 209.95
500 210.95
501 211.95
502 212.95
503 213.95
504 214.95
505 215.95
506 216.95
507 217.95
508 218.95
509 219.95
510 220.95
511 221.95
512 222.95
513 223.95
514 224.95
515 225.95
516 226.95
517 227.95
518 227.95219346347884
519 227.95438690585112
520 227.95658032711748
521 227.95877372727853
522 227.96096710633486
523 227.96316046428709
524 227.96535380113582
525 227.96754711688166
526 227.96974041152524
527 227.97193368506714
528 227.974126937508
529 227.97632016884842
530 227.97851337908898
531 227.98070656823032
532 227.98289973627303
533 227.98509288321773
534 227.98728600906503
535 227.98947911381552
536 227.99167219746982
537 227.99386526002857
538 228.99386526002857
539 229.99386526002857
540 230.99386526002857
541 231.99386526002857
542 232.99386526002857
543 233.99386526002857
544 234.99386526002857
545 235.99386526002857
546 236.99386526002857
547 237.99386526002857
548 238.99386526002857
549 239.99386526002857
550 240.99386526002857
551 241.99386526002857
552 242.99386526002857
553 243.99386526002857
554 244.99386526002857
555 245.99386526002857
556 246.99386526002857
557 247.99386526002857
558 248.99386526002857
559 249.99386526002857
560 250.99386526002857
561 251.99386526002857
562 252.99386526002857
563 253.99386526002857
564 254.99386526002857
565 255.99386526002857
566 256.99386526002854
567 257.99386526002854
568 258.99386526002854
569 259.99386526002854
570 260.99386526002854
571 261.99386526002854
572 262.99386526002854
573 263.99386526002854
574 264.99386526002854
575 265.99386526002854
576 266.99386526002854
577 267.99386526002854
578 268.99386526002854
579 269.99386526002854
580 270.99386526002854
581 271.99386526002854
582 272.99386526002854
583 273.99386526002854
584 274.99386526002854
585 275.99386526002854
586 276.99386526002854
587 277.99386526002854
588 278.99386526002854
589 279.99386526002854
590 280.99386526002854
591 281.99386526002854
592 282.99386526002854
593 283.99386526002854
594 85.19815957800856
595 86.19815957800856
596 87.19815957800856
597 88.19815957800856
598 89.19815957800856
599 26.759447873402568
600 27.759447873402568
601 28.759447873402568
602 29.759447873402568
603 30.759447873402568
604 31.759447873402568
605 32.759447873402564
606 33.759447873402564
607 34.759447873402564
608 35.759447873402564
609 36.759447873402564
610 37.759447873402564
611 38.759447873402564
612 39.759447873402564
613 40.759447873402564
614 41.759447873402564
615 42.759447873402564
616 43.759447873402564
617 44.759447873402564
618 45.759447873402564
619 46.759447873402564
620 47.759447873402564
621 48.759447873402564
622 49.759447873402564
623 50.759447873402564
624 51.759447873402564
625 52.759447873402564
626 53.759447873402564
627 54.759447873402564
628 55.759447873402564
629 56.759447873402564
630 57.759447873402564
631 58.759447873402564
632 59.759447873402564
633 60.759447873402564
634 61.759447873402564
635 62.759447873402564
636 63.759447873402564
637 64.75944787340256
638 65.75944787340256
639 66.75944787340256
640 67.75944787340256
641 68.75944787340256
642 69.75944787340256
643 70.75944787340256
644 71.75944787340256
645 72.75944787340256
646 73.75944787340256
647 74.75944787340256
648 75.75944787340256
649 76.75944787340256
650 77.75944787340256
651 78.75944787340256
652 79.75944787340256
653 80.75944787340256
654 81.75944787340256
655 82.75944787340256
656 83.75944787340256
657 84.75944787340256
658 85.75944787340256
659 86.75944787340256
660 87.75944787340256
661 88.75944787340256
662 89.75944787340256
663 90.75944787340256
664 91.75944787340256
665 92.75944787340256
666 93.75944787340256
667 94.75944787340256
668 95.75944787340256
669 96.75944787340256
670 97.75944787340256
671 98.75944787340256
672 98.76451068015945
673 98.76957322738978
674 98.7746355151335
675 98.77969754343046
676 98.78475931232057
677 98.7898208218437
678 98.79488207203973
679 98.7999430629485
680 98.80500379460987
681 99.80500379460987
682 100.80500379460987
683 101.80500379460987
684 102.80500379460987
685 103.80500379460987
686 104.80500379460987
687 105.80500379460987
688 106.80500379460987
689 107.80500379460987
690 108.80500379460987
691 109.80500379460987
692 110.80500379460987
693 111.80500379460987
694 112.80500379460987
695 113.80500379460987
696 114.80500379460987
697 115.80500379460987
698 116.80500379460987
699 117.80500379460987
700 118.80500379460987
701 119.80500379460987
702 120.80500379460987
703 121.80500379460987
704 122.80500379460987
705 123.80500379460987
706 124.80500379460987
707 125.80500379460987
708 126.80500379460987
709 127.80500379460987
710 128.8050037946099
711 129.8050037946099
712 130.8050037946099
713 131.8050037946099
714 132.8050037946099
715 133.8050037946099
716 134.8050037946099
717 135.8050037946099
718 136.8050037946099
719 137.8050037946099
720 138.8050037946099
721 139.8050037946099
722 140.8050037946099
723 141.8050037946099
724 142.8050037946099
725 143.8050037946099
726 143.80848072508383
727 143.81195757149428
728 143.8154343338473
729 143.81891101214902
730 143.8223876064055
731 143.82586411662288
732 143.82934054280722
733 143.83281688496461
734 143.83629314310116
735 143.83976931722296
736 143.8432454073361
737 143.84672141344666
738 143.85019733556075
739 143.85367317368446
740 143.85714892782386
741 143.86062459798504
742 143.86410018417408
743 143.8675756863971
744 143.87105110466013
745 143.8745264389693
746 143.8780016893307
747 143.88147685575035
748 143.8849519382344
749 143.8884269367889
750 143.89190185141993
751 143.8953766821336
752 143.89885142893596
753 143.9023260918331
754 143.90580067083107
755 143.90927516593598
756 143.9127495771539
757 143.91622390449092
758 143.91969814795308
759 143.92317230754648
760 143.9266463832772
761 143.93012037515126
762 143.9335942831748
763 143.93706810735387
764 143.94054184769453
765 143.94401550420284
766 143.9474890768849
767 143.95096256574675
768 143.95443597079446
769 143.95790929203412
770 143.96138252947176
771 143.96485568311348
772 143.96832875296533
773 143.9718017390334
774 143.97527464132372
775 143.97874745984237
776 143.98222019459539
777 143.98569284558886
778 143.98916541282884
779 143.99263789632138
780 144.99263789632138
781 145.99263789632138
782 146.99263789632138
783 147.99263789632138
784 148.99263789632138
785 149.99263789632138
786 150.99263789632138
787 151.99263789632138
788 152.99263789632138
789 153.99263789632138
790 154.99263789632138
791 155.99263789632138
792 156.99263789632138
793 157.99263789632138
794 158.99263789632138
795 159.99263789632138
796 160.99263789632138
797 161.99263789632138
798 162.99263789632138
799 163.99263789632138
800 164.99263789632138
801 165.99263789632138
802 166.99263789632138
803 167.99263789632138
804 168.99263789632138
805 169.99263789632138
806 170.99263789632138
807 171.99263789632138
808 172.99263789632138
809 173.99263789632138
810 174.99263789632138
811 175.99263789632138
812 176.99263789632138
813 177.99263789632138
814 178.99263789632138
815 179.99263789632138
816 180.99263789632138
817 181.99263789632138
818 182.99263789632138
819 183.99263789632138
820 184.99263789632138
821 185.99263789632138
822 186.99263789632138
823 187.99263789632138
824 188.99263789632138
825 188.99528350202098
826 188.9979290706867
827 189.00057460232009
828 189.0032200969227
829 189.00586555449607
830 189.0085109750418
831 189.0111563585614
832 189.01380170505647
833 189.01644701452852
834 189.01909228697915
835 189.02173752240986
836 189.02438272082225
837 189.02702788221785
838 189.02967300659822
839 189.0323180939649
840 189.03496314431948
841 189.03760815766347
842 189.04025313399845
843 189.04289807332597
844 189.0455429756476
845 189.04818784096489
846 189.05083266927934
847 189.05347746059257
848 189.05612221490608
849 189.05876693222146
850 189.06141161254024
851 189.064056255864
852 189.06670086219427
853 189.0693454315326
854 189.07198996388055
855 189.0746344592397
856 189.07727891761155
857 189.07992333899767
858 189.08256772339962
859 189.08521207081895
860 189.0878563812572
861 189.09050065471595
862 189.09314489119674
863 189.09578909070112
864 189.0984332532306
865 189.1010773787868
866 189.10372146737123
867 189.10636551898546
868 189.10900953363102
869 189.11165351130947
870 189.11429745202236
871 189.11694135577125
872 189.11958522255767
873 189.12222905238318
874 189.12487284524934
875 189.12751660115768
876 189.13016032010978
877 189.13280400210715
878 189.13544764715138
879 189.138091255244
880 189.14073482638656
881 189.1433783605806
882 189.1460218578277
883 189.14866531812936
884 189.15130874148716
885 56.74539262244615
886 57.74539262244615
887 58.74539262244615
888 59.74539262244615
889 60.74539262244615
890 61.74539262244615
891 62.74539262244615
892 63.74539262244615
893 64.74539262244615
894 65.74539262244615
895 66.74539262244615
896 67.74539262244615
897 68.74539262244615
898 69.74539262244615
899 70.74539262244615
900 71.74539262244615
901 72.74539262244615
902 73.74539262244615
903 74.74539262244615
904 75.74539262244615
905 76.74539262244615
906 77.74539262244615
907 78.74539262244615
908 79.74539262244615
909 80.74539262244615
910 81.74539262244615
911 82.74539262244615
912 83.74539262244615
913 84.74539262244615
914 85.74539262244615
915 86.74539262244615
916 87.74539262244615
917 88.74539262244615
918 89.74539262244615
919 90.74539262244615
920 91.74539262244615
921 92.74539262244615
922 93.74539262244615
923 94.74539262244615
924 95.74539262244615
925 96.74539262244615
926 97.74539262244615
927 98.74539262244615
928 99.74539262244615
929 100.74539262244615
930 101.74539262244615
931 102.74539262244615
932 103.74539262244615
933 104.74539262244615
934 105.74539262244615
935 106.74539262244615
936 107.74539262244615
937 108.74539262244615
938 109.74539262244615
939 110.74539262244615
940 111.74539262244615
941 112.74539262244615
942 113.74539262244615
943 114.74539262244615
944 115.74539262244615
945 116.74539262244615
946 117.74539262244615
947 118.74539262244615
948 119.74539262244615
949 120.74539262244615
950 121.74539262244615
951 122.74539262244615
952 123.74539262244615
953 124.74539262244615
954 125.74539262244615
955 126.74539262244615
956 127.74539262244615
957 128.74539262244616
958 129.74539262244616
959 130.74539262244616
960 131.74539262244616
961 132.74539262244616
962 133.74539262244616
963 134.74539262244616
964 135.74539262244616
965 136.74539262244616
966 137.74539262244616
967 138.74539262244616
968 139.74539262244616
969 140.74539262244616
970 141.74539262244616
971 142.74539262244616
972 143.74539262244616
973 144.74539262244616
974 145.74539262244616
975 146.74539262244616
976 147.74539262244616
977 148.74539262244616
978 149.74539262244616
979 150.74539262244616
980 151.74539262244616
981 152.74539262244616
982 153.74539262244616
983 154.74539262244616
984 155.74539262244616
985 156.74539262244616
986 157.74539262244616
987 158.74539262244616
988 159.74539262244616
989 160.74539262244616
990 161.74539262244616
991 162.74539262244616
992 163.74539262244616
993 164.74539262244616
994 165.74539262244616
995 166.74539262244616
996 167.74539262244616
997 168.74539262244616
998 169.74539262244616
999 170.74539262244616
1000 171.74539262244616
1001 172.74539262244616
1002 173.74539262244616
1003 174.74539262244616
1004 175.74539262244616
1005 176.74539262244616
1006 177.74539262244616
1007 178.74539262244616
1008 179.74539262244616
1009 180.74539262244616
1010 181.74539262244616
1011 182.74539262244616
1012 183.74539262244616
1013 184.74539262244616
1014 185.74539262244616
1015 186.74539262244616
1016 187.74539262244616
1017 188.74539262244616
1018 189.74539262244616
1019 190.74539262244616
1020 191.74539262244616
1021 192.74539262244616
1022 193.74539262244616
1023 194.74539262244616
1024 195.74539262244616
1025 196.74539262244616
1026 197.74539262244616
1027 198.74539262244616
1028 199.74539262244616
1029 200.74539262244616
1030 201.74539262244616
1031 202.74539262244616
1032 203.74539262244616
1033 204.74539262244616
1034 205.74539262244616
1035 206.74539262244616
1036 207.74539262244616
1037 208.74539262244616
1038 208.74778788489348
1039 208.75018311985653
1040 208.75257832733624
1041 208.75497350733357
1042 208.75736865984945
1043 208.75976378488485
1044 208.7621588824407
1045 208.76455395251796
1046 208.76694899511753
1047 208.76934401024042
1048 208.77173899788752
1049 208.77413395805982
1050 208.77652889075824
1051 208.77892379598373
1052 208.78131867373725
1053 208.7837135240197
1054 208.78610834683207
1055 208.7885031421753
1056 208.79089791005032
