1 2.0
2 3.0
3 4.0
4 5.0
5 6.0
6 7.0
7 8.0
8 9.0
9 10.0
10 11.0
11 12.0
12 13.0
13 14.0
14 15.0
15 16.0
16 17.0
17 18.0
18 19.0
19 20.0
20 21.0
21 22.0
22 23.0
23 24.0
24 25.0
25 26.0
26 27.0
27 28.0
28 29.0
29 30.0
30 31.0
31 32.0
32 33.0
33 34.0
34 35.0
35 36.0
36 37.0
37 38.0
38 39.0
39 40.0
40 41.0
41 42.0
42 43.0
43 44.0
44 45.0
45 46.0
46 47.0
47 48.0
48 49.0
49 50.0
50 51.0
51 52.0
52 53.0
53 54.0
54 55.0
55 56.0
56 57.0
57 58.0
58 59.0
59 60.0
60 61.0
61 62.0
62 63.0
63 6.300000000000001
64 7.300000000000001
65 8.3
66 9.3
67 10.3
68 11.3
69 12.3
70 13.3
71 14.3
72 15.3
73 16.3
74 17.3
75 18.3
76 19.3
77 20.3
78 21.3
79 22.3
80 23.3
81 24.3
82 25.3
83 26.3
84 27.3
85 28.3
86 29.3
87 30.3
88 31.3
89 32.3
90 33.3
91 34.3
92 35.3
93 36.3
94 37.3
95 38.3
96 39.3
97 40.3
98 41.3
99 42.3
100 43.3
101 44.3
102 45.3
103 46.3
104 47.3
105 48.3
106 49.3
107 50.3
108 51.3
109 52.3
110 53.3
111 54.3
112 55.3
113 56.3
114 57.3
115 58.3
116 59.3
117 60.3
118 61.3
119 62.3
120 63.3
121 64.3
122 65.3
123 66.3
124 67.3
125 68.3
126 69.3
127 70.3
128 71.3
129 72.3
130 73.3
131 74.3
132 75.3
133 76.3
134 77.3
135 78.3
136 79.3
137 80.3
138 81.3
139 82.3
140 83.3
141 84.3
142 85.3
143 86.3
144 87.3
145 87.3114547537228
146 87.3229080046487
147 87.33435975336906
148 87.34581000047483
149 87.35725874655658
150 87.3687059922045
151 87.38015173800837
152 87.39159598455761
153 87.40303873244125
154 87.41447998224791
155 87.42591973456587
156 87.43735798998298
157 87.44879474908674
158 87.46023001246424
159 87.47166378070219
160 87.48309605438692
161 87.49452683410439
162 87.50595612044016
163 87.51738391397942
164 87.52881021530696
165 87.54023502500722
166 87.55165834366423
167 87.56308017186164
168 87.57450051018274
169 88.57450051018274
170 89.57450051018274
171 90.57450051018274
172 91.57450051018274
173 92.57450051018274
174 93.57450051018274
175 94.57450051018274
176 95.57450051018274
177 96.57450051018274
178 97.57450051018274
179 98.57450051018274
180 99.57450051018274
181 100.57450051018274
182 101.57450051018274
183 102.57450051018274
184 103.57450051018274
185 104.57450051018274
186 105.57450051018274
187 106.57450051018274
188 107.57450051018274
189 108.57450051018274
190 109.57450051018274
191 110.57450051018274
192 111.57450051018274
193 112.57450051018274
194 113.57450051018274
195 114.57450051018274
196 115.57450051018274
197 116.57450051018274
198 117.57450051018274
199 118.57450051018274
200 119.57450051018274
201 119.58286349723879
202 119.59122589943217
203 119.59958771688558
204 119.60794894972166
205 119.61630959806303
206 119.62466966203223
207 11.962466966203223
208 12.962466966203223
209 13.962466966203223
210 14.962466966203223
211 15.962466966203223
212 16.962466966203223
213 17.962466966203223
214 18.962466966203223
215 19.962466966203223
216 20.962466966203223
217 21.962466966203223
218 22.962466966203223
219 23.962466966203223
220 24.962466966203223
221 25.962466966203223
222 26.962466966203223
223 27.962466966203223
224 28.962466966203223
225 29.962466966203223
226 30.962466966203223
227 31.962466966203223
228 3.1962466966203227
229 4.196246696620323
230 5.196246696620323
231 6.196246696620323
232 7.196246696620323
233 8.196246696620323
234 9.196246696620323
235 10.196246696620323
236 11.196246696620323
237 12.196246696620323
238 13.196246696620323
239 14.196246696620323
240 15.196246696620323
241 16.19624669662032
242 17.19624669662032
243 18.19624669662032
244 1.8196246696620322
245 2.819624669662032
246 3.819624669662032
247 4.819624669662032
248 5.819624669662032
249 6.819624669662032
250 7.819624669662032
251 8.819624669662032
252 9.819624669662032
253 10.819624669662032
254 11.819624669662032
255 12.819624669662032
256 13.819624669662032
257 14.819624669662032
258 15.819624669662032
259 16.819624669662034
260 17.819624669662034
261 18.819624669662034
262 19.819624669662034
263 20.819624669662034
264 21.819624669662034
265 22.819624669662034
266 23.819624669662034
267 24.819624669662034
268 25.819624669662034
269 25.85835489958575
270 25.897027119991233
271 25.935641590886544
272 25.974198570342622
273 26.012698314513433
274 26.05114107765585
275 27.05114107765585
276 28.05114107765585
277 29.05114107765585
278 30.05114107765585
279 31.05114107765585
280 32.05114107765585
281 33.05114107765585
282 3.305114107765585
283 4.305114107765585
284 5.305114107765585
285 6.305114107765585
286 7.305114107765585
287 8.305114107765585
288 9.305114107765585
289 10.305114107765585
290 11.305114107765585
291 12.305114107765585
292 13.305114107765585
293 14.305114107765585
294 15.305114107765585
295 16.305114107765583
296 17.305114107765583
297 18.305114107765583
298 19.305114107765583
299 20.305114107765583
300 21.305114107765583
301 22.305114107765583
302 23.305114107765583
303 24.305114107765583
304 25.305114107765583
305 26.305114107765583
306 27.305114107765583
307 28.305114107765583
308 29.305114107765583
309 30.305114107765583
310 31.305114107765583
311 32.30511410776558
312 33.30511410776558
313 34.30511410776558
314 35.30511410776558
315 36.30511410776558
316 3.6305114107765584
317 4.630511410776558
318 5.630511410776558
319 6.630511410776558
320 7.630511410776558
321 8.630511410776558
322 9.630511410776558
323 10.630511410776558
324 11.630511410776558
325 12.630511410776558
326 1.263051141077656
327 2.263051141077656
328 3.263051141077656
329 4.263051141077656
330 5.263051141077656
331 6.263051141077656
332 7.263051141077656
333 8.263051141077657
334 9.263051141077657
335 10.263051141077657
336 11.263051141077657
337 12.263051141077657
338 13.263051141077657
339 14.263051141077657
340 14.33316236693732
341 15.33316236693732
342 16.33316236693732
343 17.33316236693732
344 18.33316236693732
345 19.33316236693732
346 20.33316236693732
347 21.33316236693732
348 21.380037742598915
349 21.426810344782286
350 21.473480847013317
351 21.520049915490127
352 21.566518209194232
353 21.612886379999555
354 21.659155072779313
355 21.705324925510862
356 22.705324925510862
357 23.705324925510862
358 24.705324925510862
359 25.705324925510862
360 26.705324925510862
361 27.705324925510862
362 28.705324925510862
363 28.740161667564642
364 28.77495618304326
365 28.80970862518909
366 28.84441914631965
367 28.879087897835404
368 28.913715030227454
369 28.948300693085187
370 28.982845035103814
371 29.017348204091842
372 29.051810346978456
373 29.086231609820825
374 29.12061213781134
375 29.154952075284754
376 29.18925156572527
377 29.223510751773542
378 30.223510751773542
379 31.223510751773542
380 32.223510751773546
381 33.223510751773546
382 34.223510751773546
383 35.223510751773546
384 36.223510751773546
385 36.2511171316977
386 36.278702488484555
387 36.3062668701026
388 36.33381032433814
389 36.36133289879629
390 36.38883464090193
391 36.41631559790065
392 36.44377581685969
393 36.47121534466892
394 36.49863422804172
395 36.52603251351597
396 36.553410247454906
397 36.58076747604809
398 36.60810424531228
399 36.635420601092385
400 36.66271658906229
401 36.68999225472582
402 36.71724764341758
403 36.744482800303835
404 36.77169777038342
405 36.798892598488564
406 36.82606732928579
407 36.85322200727675
408 37.85322200727675
409 38.85322200727675
410 39.85322200727675
411 40.85322200727675
412 41.85322200727675
413 42.85322200727675
414 43.85322200727675
415 43.876025348838155
416 43.8988168389982
417 43.9215964962192
418 43.944364338915584
419 43.96712038545406
420 43.989864654153784
421 44.01259716328656
422 44.03531793107697
423 44.05802697570258
424 44.080724315294106
425 44.10340996793555
426 44.126083951664405
427 44.148746284471805
428 44.1713969843027
429 44.19403606905602
430 44.21666355658482
431 44.23927946469648
432 44.26188381115285
433 44.2844766136704
434 44.3070578899204
435 44.32962765752909
436 44.3521859340778
437 44.374732737103166
438 44.39726808409724
439 44.41979199250768
440 44.44230447973789
441 44.46480556314719
442 44.48729526005095
443 44.50977358772078
444 44.532240563384654
445 45.532240563384654
446 46.532240563384654
447 47.532240563384654
448 48.532240563384654
449 49.532240563384654
450 50.532240563384654
451 51.532240563384654
452 51.55164589078877
453 51.57104391354285
454 51.590434639890695
455 51.609818078060584
456 51.629194236265356
457 51.648563122702434
458 51.66792474555386
459 51.68727911298636
460 51.70662623315135
461 51.725966114184985
462 51.745298764208236
463 51.764624191326874
464 51.783942403631556
465 51.80325340919783
466 51.82255721608619
467 51.841853832342125
468 51.86114326599614
469 51.8804255250638
470 51.899700617545776
471 51.91896855142788
472 51.938229334681104
473 51.95748297526165
474 51.97672948111098
475 51.995968860155855
476 52.01520112030836
477 52.03442626946595
478 52.0536443155115
479 52.072855266313304
480 52.092059129725165
481 52.1112559135864
482 52.130445625721876
483 52.149628273942064
484 52.16880386604306
485 52.18797240980665
486 52.207133913000284
487 52.226288383377195
488 52.24543582867638
489 5.224543582867638
490 6.224543582867638
491 7.224543582867638
492 8.22454358286764
493 9.22454358286764
494 10.22454358286764
495 11.22454358286764
496 12.22454358286764
497 13.22454358286764
498 14.22454358286764
499 1.422454358286764
500 2.422454358286764
501 3.422454358286764
502 4.422454358286764
503 5.422454358286764
504 6.422454358286764
505 7.422454358286764
506 8.422454358286764
507 9.422454358286764
508 10.422454358286764
509 11.422454358286764
510 12.422454358286764
511 13.422454358286764
512 14.422454358286764
513 15.422454358286764
514 16.422454358286764
515 17.422454358286764
516 18.422454358286764
517 19.422454358286764
518 20.422454358286764
519 21.422454358286764
520 22.422454358286764
521 23.422454358286764
522 23.465148432302378
523 23.507764825839587
524 23.55030396162764
525 23.592766258574184
526 23.635152131813467
527 23.677461992753774
528 23.719696249124073
529 23.76185530501995
530 24.76185530501995
531 25.76185530501995
532 26.76185530501995
533 27.76185530501995
534 28.76185530501995
535 29.76185530501995
536 30.76185530501995
537 31.76185530501995
538 31.79333961191565
539 31.824792740533354
540 31.856214783346108
541 31.88760583237064
542 31.918965979170522
543 31.950295314859297
544 31.98159393010355
545 32.01286191512598
546 32.044099359708454
547 32.07530635319498
548 32.10648298449473
549 32.13762934208497
550 32.168745514014006
551 32.19983158790409
552 32.2308876509543
553 32.261913789943385
554 33.261913789943385
555 34.261913789943385
556 35.261913789943385
557 36.261913789943385
558 37.261913789943385
559 38.261913789943385
560 39.261913789943385
561 40.261913789943385
562 40.286751158708746
563 40.31157321487457
564 40.33637998673311
565 40.361171502489576
566 40.38594779026255
567 40.410708878084314
568 40.43545479390126
569 40.460185565574214
570 40.48490122087884
571 40.50960178750599
572 40.53428729306207
573 40.55895776506939
574 40.58361323096652
575 40.60825371810868
576 40.632879253768046
577 40.65748986513414
578 40.68208557931416
579 40.70666642333334
580 40.73123242413528
581 40.75578360858231
582 40.780320003455834
583 40.80484163545665
584 40.82934853120529
585 40.85384071724239
586 40.878318220029
587 41.878318220029
588 42.878318220029
589 43.878318220029
590 44.878318220029
591 45.878318220029
592 46.878318220029
593 47.878318220029
594 48.878318220029
595 48.89877718908556
596 48.91922759822632
597 48.93966945818807
598 48.96010277968515
599 48.98052757340954
600 49.00094385003092
601 49.02135162019675
602 49.0417508945323
603 49.06214168364076
604 49.08252399810327
605 49.10289784847899
606 49.123263245305175
607 49.143620199097235
608 49.1639687203488
609 49.184308819531765
610 49.20464050709637
611 49.224963793471275
612 49.245278689063596
613 49.265585204258976
614 49.285883349421646
615 49.3061731348945
616 49.32645457099915
617 49.34672766803596
618 49.366992436284164
619 49.38724888600187
620 49.40749702742615
621 49.4277368707731
622 49.44796842623789
623 49.468191703994826
624 49.48840671419742
625 49.50861346697843
626 49.52881197244995
627 49.54900224070343
628 50.54900224070343
629 51.54900224070343
630 52.54900224070343
631 53.54900224070343
632 54.54900224070343
633 55.54900224070343
634 56.54900224070343
635 57.54900224070343
636 57.56637873657763
637 57.58374998733106
638 57.60111599771107
639 57.61847677245786
640 57.63583231630448
641 57.65318263397686
642 57.67052773019382
643 57.687867609667066
644 57.705202277101236
645 57.7225317371939
646 57.73985599463556
647 57.757175054109716
648 57.774488920292804
649 57.79179759785427
650 57.80910109145657
651 57.826399405755176
652 57.843692545398596
653 57.86098051502839
654 57.87826331927918
655 57.89554096277867
656 57.91281345014765
657 57.93008078600003
658 57.94734297494284
659 57.96460002157624
660 57.98185193049354
661 57.999098706281224
662 58.016340353518956
663 58.033576876779584
664 58.05080828062918
665 58.06803456962701
666 58.08525574832561
667 58.10247182127074
668 58.119682793001445
669 58.136888668050034
670 58.15408945094211
671 58.17128514619659
672 58.188475758325694
673 58.205661291835
674 58.22284175122341
675 58.240017140983205
676 58.257187465600026
677 58.274352729552916
678 59.274352729552916
679 60.274352729552916
680 61.274352729552916
681 62.274352729552916
682 63.274352729552916
683 64.27435272955292
684 65.27435272955292
685 66.27435272955292
686 66.28944152271066
687 66.30452688135948
688 66.31960880784376
689 66.33468730450525
690 66.349762373683
691 66.36483401771343
692 66.37990223893031
693 66.39496703966473
694 66.41002842224518
695 66.42508638899746
696 66.44014094224477
697 66.45519208430765
698 66.47023981750405
699 66.48528414414926
700 66.50032506655597
701 66.51536258703425
702 66.53039670789154
703 66.5454274314327
704 66.56045475995997
705 66.575478695773
706 66.59049924116884
707 66.60551639844196
708 66.62053016988422
709 66.63554055778492
710 66.65054756443077
711 66.6655511921059
712 66.68055144309187
713 66.6955483196677
714 66.71054182410981
715 66.72553195869209
716 66.74051872568586
717 66.75550212735989
718 66.77048216598041
719 66.7854588438111
720 66.80043216311311
721 66.81540212614506
722 66.83036873516302
723 66.84533199242055
724 66.86029190016869
725 66.87524846065594
726 66.8902016761283
727 66.90515154882927
728 66.92009808099982
729 66.93504127487843
730 66.94998113270108
731 66.96491765670126
732 66.97985084910995
733 66.99478071215567
734 67.00970724806444
735 67.02463045905981
736 67.03955034736282
737 68.03955034736282
738 69.03955034736282
739 70.03955034736282
740 71.03955034736282
741 72.03955034736282
742 73.03955034736282
743 74.03955034736282
744 75.03955034736282
745 75.05287665322913
746 75.0662005928913
747 75.07952216760938
748 75.09284137864229
749 75.10615822724785
750 75.11947271468274
751 75.13278484220257
752 75.1460946110618
753 75.15940202251379
754 75.1727070778108
755 75.18600977820397
756 75.19931012494334
757 75.21260811927785
758 75.2259037624553
759 75.23919705572244
760 75.25248800032489
761 75.26577659750716
762 75.27906284851268
763 75.29234675458378
764 75.30562831696169
765 75.31890753688654
766 75.33218441559738
767 75.34545895433216
768 75.35873115432773
769 75.37200101681987
770 75.38526854304325
771 75.39853373423149
772 75.41179659161709
773 75.42505711643147
774 75.43831530990498
775 75.45157117326688
776 75.46482470774536
777 75.47807591456753
778 75.49132479495938
779 75.50457135014591
780 75.51781558135096
781 75.53105748979735
782 75.54429707670681
783 75.5575343433
784 75.57076929079652
785 75.58400192041488
786 75.59723223337255
787 75.6104602308859
788 75.62368591417028
789 75.63690928443995
790 75.6501303429081
791 75.66334909078688
792 75.67656552928737
793 75.6897796596196
794 75.70299148299254
795 75.7162010006141
796 75.72940821369116
797 75.7426131234295
798 75.7558157310339
799 75.76901603770806
800 75.78221404465462
801 7.578221404465463
802 8.578221404465463
803 9.578221404465463
804 10.578221404465463
805 11.578221404465463
806 12.578221404465463
807 13.578221404465463
808 14.578221404465463
809 15.578221404465463
810 16.578221404465463
811 17.578221404465463
812 18.578221404465463
813 19.578221404465463
814 20.578221404465463
815 21.578221404465463
816 22.578221404465463
817 23.578221404465463
818 24.578221404465463
819 25.578221404465463
820 26.578221404465463
821 27.578221404465463
822 28.578221404465463
823 29.578221404465463
824 30.578221404465463
825 31.578221404465463
826 32.57822140446547
827 33.57822140446547
828 34.57822140446547
829 35.57822140446547
830 36.57822140446547
831 37.57822140446547
832 38.57822140446547
833 39.57822140446547
834 40.57822140446547
835 41.57822140446547
836 42.57822140446547
837 43.57822140446547
838 44.57822140446547
839 45.57822140446547
840 46.57822140446547
841 47.57822140446547
842 48.57822140446547
843 49.57822140446547
844 50.57822140446547
845 51.57822140446547
846 52.57822140446547
847 53.57822140446547
848 54.57822140446547
849 55.57822140446547
850 56.57822140446547
851 57.57822140446547
852 58.57822140446547
853 59.57822140446547
854 60.57822140446547
855 61.57822140446547
856 62.57822140446547
857 63.57822140446547
858 64.57822140446547
859 65.57822140446547
860 66.57822140446547
861 67.57822140446547
862 68.57822140446547
863 69.57822140446547
864 70.57822140446547
865 71.57822140446547
866 72.57822140446547
867 73.57822140446547
868 74.57822140446547
869 75.57822140446547
870 76.57822140446547
871 77.57822140446547
872 78.57822140446547
873 79.57822140446547
874 80.57822140446547
875 81.57822140446547
876 82.57822140446547
877 83.57822140446547
878 84.57822140446547
879 85.57822140446547
880 86.57822140446547
881 87.57822140446547
882 88.57822140446547
883 89.57822140446547
884 90.57822140446547
885 91.57822140446547
886 92.57822140446547
887 93.57822140446547
888 94.57822140446547
889 95.57822140446547
890 96.57822140446547
891 97.57822140446547
892 98.57822140446547
893 99.57822140446547
894 9.957822140446547
895 10.957822140446547
896 11.957822140446547
897 12.957822140446547
898 13.957822140446547
899 14.957822140446547
900 15.957822140446547
901 16.957822140446545
902 17.957822140446545
903 18.957822140446545
904 19.957822140446545
905 20.957822140446545
906 21.957822140446545
907 22.957822140446545
908 23.957822140446545
909 24.957822140446545
910 25.957822140446545
911 26.957822140446545
912 27.957822140446545
913 28.957822140446545
914 29.957822140446545
915 30.957822140446545
916 31.957822140446545
917 32.957822140446545
918 33.957822140446545
919 34.957822140446545
920 35.957822140446545
921 36.957822140446545
922 37.957822140446545
923 38.957822140446545
924 39.957822140446545
925 40.957822140446545
926 41.957822140446545
927 42.957822140446545
928 43.957822140446545
929 44.957822140446545
930 45.957822140446545
931 46.957822140446545
932 47.957822140446545
933 48.957822140446545
934 49.957822140446545
935 50.957822140446545
936 51.957822140446545
937 52.957822140446545
938 53.957822140446545
939 54.957822140446545
940 55.957822140446545
941 56.957822140446545
942 57.957822140446545
943 58.957822140446545
944 59.957822140446545
945 60.957822140446545
946 61.957822140446545
947 62.957822140446545
948 63.957822140446545
949 64.95782214044655
950 65.95782214044655
951 66.95782214044655
952 67.95782214044655
953 68.95782214044655
954 69.95782214044655
955 70.95782214044655
956 71.95782214044655
957 72.95782214044655
958 73.95782214044655
959 74.95782214044655
960 75.95782214044655
961 76.95782214044655
962 77.95782214044655
963 78.95782214044655
964 79.95782214044655
965 80.95782214044655
966 81.95782214044655
967 82.95782214044655
968 83.95782214044655
969 84.95782214044655
970 85.95782214044655
971 86.95782214044655
972 87.95782214044655
973 88.95782214044655
974 89.95782214044655
975 90.95782214044655
976 91.95782214044655
977 92.95782214044655
978 93.95782214044655
979 94.95782214044655
980 95.95782214044655
981 96.95782214044655
982 97.95782214044655
983 98.95782214044655
984 99.95782214044655
985 100.95782214044655
986 101.95782214044655
987 102.95782214044655
988 103.95782214044655
989 104.95782214044655
990 105.95782214044655
991 106.95782214044655
992 107.95782214044655
993 108.95782214044655
994 109.95782214044655
995 110.95782214044655
996 111.95782214044655
997 112.95782214044655
998 113.95782214044655
999 114.95782214044655
1000 115.95782214044655
1001 116.95782214044655
1002 117.95782214044655
1003 118.95782214044655
1004 119.95782214044655
1005 120.95782214044655
1006 121.95782214044655
1007 122.95782214044655
1008 123.95782214044655
1009 124.95782214044655
1010 125.95782214044655
1011 126.95782214044655
1012 127.95782214044655
1013 128.95782214044655
1014 129.95782214044655
1015 129.9655169446802
1016 129.97321129333133
1017 129.98090518648092
1018 129.98859862420983
1019 129.99629160659893
1020 130.00398413372906
1021 130.01167620568103
1022 130.01936782253563
1023 130.02705898437364
1024 130.0347496912758
1025 130.04243994332285
1026 130.05012974059545
1027 130.0578190831743
1028 130.06550797114005
1029 130.0731964045733
1030 130.0808843835547
1031 130.08857190816477
1032 130.09625897848412
1033 130.10394559459323
1034 130.11163175657262
1035 130.11931746450279
1036 130.12700271846418
1037 130.13468751853725
1038 130.1423718648024
1039 130.15005575734003
1040 130.15773919623047
1041 130.16542218155408
1042 130.17310471339118
1043 130.18078679182207
1044 130.188468416927
