1 2.0
2 3.0
3 4.0
4 5.0
5 6.0
6 7.0
7 8.0
8 9.0
9 10.0
10 11.0
11 12.0
12 13.0
13 14.0
14 15.0
15 16.0
16 17.0
17 18.0
18 19.0
19 20.0
20 21.0
21 22.0
22 23.0
23 24.0
24 25.0
25 26.0
26 27.0
27 28.0
28 29.0
29 30.0
30 31.0
31 32.0
32 33.0
33 34.0
34 35.0
35 36.0
36 37.0
37 38.0
38 39.0
39 40.0
40 41.0
41 42.0
42 43.0
43 44.0
44 45.0
45 46.0
46 47.0
47 48.0
48 49.0
49 50.0
50 51.0
51 52.0
52 53.0
53 54.0
54 55.0
55 56.0
56 57.0
57 58.0
58 59.0
59 60.0
60 61.0
61 62.0
62 63.0
63 64.0
64 65.0
65 66.0
66 67.0
67 68.0
68 69.0
69 70.0
70 71.0
71 72.0
72 73.0
73 74.0
74 75.0
75 76.0
76 77.0
77 78.0
78 79.0
79 80.0
80 81.0
81 82.0
82 83.0
83 84.0
84 85.0
85 86.0
86 87.0
87 88.0
88 89.0
89 90.0
90 91.0
91 92.0
92 93.0
93 94.0
94 95.0
95 96.0
96 97.0
97 98.0
98 99.0
99 100.0
100 101.0
101 102.0
102 103.0
103 104.0
104 105.0
105 106.0
106 107.0
107 108.0
108 109.0
109 110.0
110 111.0
111 112.0
112 113.0
113 114.0
114 115.0
115 116.0
116 117.0
117 118.0
118 119.0
119 120.0
120 121.0
121 122.0
122 123.0
123 124.0
124 125.0
125 126.0
126 127.0
127 128.0
128 129.0
129 130.0
130 131.0
131 132.0
132 133.0
133 134.0
134 135.0
135 136.0
136 137.0
137 138.0
138 139.0
139 140.0
140 141.0
141 142.0
142 143.0
143 144.0
144 145.0
145 146.0
146 147.0
147 148.0
148 149.0
149 150.0
150 151.0
151 152.0
152 153.0
153 154.0
154 155.0
155 156.0
156 157.0
157 158.0
158 159.0
159 160.0
160 161.0
161 162.0
162 163.0
163 164.0
164 165.0
165 166.0
166 167.0
167 168.0
168 169.0
169 170.0
170 171.0
171 172.0
172 173.0
173 174.0
174 175.0
175 176.0
176 177.0
177 178.0
178 179.0
179 180.0
180 181.0
181 182.0
182 183.0
183 184.0
184 185.0
185 186.0
186 187.0
187 188.0
188 189.0
189 190.0
190 191.0
191 192.0
192 193.0
193 194.0
194 195.0
195 196.0
196 197.0
197 198.0
198 199.0
199 200.0
200 201.0
201 202.0
202 203.0
203 204.0
204 205.0
205 206.0
206 207.0
207 208.0
208 209.0
209 210.0
210 211.0
211 212.0
212 213.0
213 214.0
214 64.2
215 65.2
216 66.2
217 67.2
218 68.2
219 69.2
220 70.2
221 71.2
222 72.2
223 73.2
224 74.2
225 75.2
226 76.2
227 77.2
228 78.2
229 79.2
230 80.2
231 81.2
232 82.2
233 83.2
234 84.2
235 85.2
236 86.2
237 87.2
238 88.2
239 89.2
240 90.2
241 91.2
242 92.2
243 93.2
244 94.2
245 95.2
246 96.2
247 97.2
248 98.2
249 99.2
250 100.2
251 101.2
252 102.2
253 103.2
254 104.2
255 105.2
256 106.2
257 107.2
258 108.2
259 109.2
260 110.2
261 111.2
262 112.2
263 113.2
264 114.2
265 115.2
266 116.2
267 117.2
268 118.2
269 119.2
270 120.2
271 121.2
272 122.2
273 123.2
274 124.2
275 125.2
276 126.2
277 127.2
278 128.2
279 129.2
280 130.2
281 131.2
282 132.2
283 133.2
284 134.2
285 135.2
286 136.2
287 137.2
288 138.2
289 139.2
290 140.2
291 141.2
292 142.2
293 143.2
294 144.2
295 145.2
296 146.2
297 147.2
298 148.2
299 149.2
300 150.2
301 151.2
302 152.2
303 153.2
304 154.2
305 155.2
306 156.2
307 157.2
308 158.2
309 159.2
310 160.2
311 161.2
312 162.2
313 163.2
314 164.2
315 165.2
316 166.2
317 167.2
318 168.2
319 169.2
320 170.2
321 171.2
322 172.2
323 173.2
324 174.2
325 175.2
326 176.2
327 177.2
328 178.2
329 179.2
330 180.2
331 181.2
332 182.2
333 183.2
334 184.2
335 185.2
336 186.2
337 187.2
338 188.2
339 189.2
340 190.2
341 191.2
342 192.2
343 193.2
344 194.2
345 195.2
346 196.2
347 197.2
348 198.2
349 199.2
350 200.2
351 201.2
352 202.2
353 203.2
354 204.2
355 205.2
356 206.2
357 207.2
358 208.2
359 209.2
360 210.2
361 211.2
362 212.2
363 213.2
364 214.2
365 215.2
366 216.2
367 217.2
368 218.2
369 219.2
370 220.2
371 221.2
372 222.2
373 223.2
374 224.2
375 225.2
376 226.2
377 227.2
378 228.2
379 229.2
380 230.2
381 231.2
382 232.2
383 233.2
384 234.2
385 70.25999999999999
386 71.25999999999999
387 72.25999999999999
388 73.25999999999999
389 74.25999999999999
390 75.25999999999999
391 76.25999999999999
392 77.25999999999999
393 78.25999999999999
394 79.25999999999999
395 80.25999999999999
396 81.25999999999999
397 82.25999999999999
398 83.25999999999999
399 84.25999999999999
400 25.277999999999995
401 7.583399999999998
402 8.583399999999997
403 9.583399999999997
404 10.583399999999997
405 11.583399999999997
406 12.583399999999997
407 13.583399999999997
408 14.583399999999997
409 15.583399999999997
410 16.583399999999997
411 17.583399999999997
412 18.583399999999997
413 19.583399999999997
414 20.583399999999997
415 21.583399999999997
416 22.583399999999997
417 23.583399999999997
418 24.583399999999997
419 25.583399999999997
420 26.583399999999997
421 27.583399999999997
422 28.583399999999997
423 28.61838534114206
424 28.65332791348077
425 28.688227873548914
426 29.688227873548914
427 30.688227873548914
428 31.688227873548914
429 32.68822787354891
430 33.68822787354891
431 34.68822787354891
432 35.68822787354891
433 36.68822787354891
434 37.68822787354891
435 38.68822787354891
436 39.68822787354891
437 40.68822787354891
438 41.68822787354891
439 41.712215460717005
440 41.73618925326086
441 41.76014927495647
442 41.78409554951157
443 41.808028100565956
444 41.83194695169174
445 41.85585212639362
446 41.879743648109155
447 41.90362154020903
448 41.92748582599732
449 41.95133652871177
450 41.975173671524026
451 41.99899727753994
452 42.02280736979981
453 42.04660397127862
454 42.07038710488634
455 43.07038710488634
456 44.07038710488634
457 45.07038710488634
458 46.07038710488634
459 47.07038710488634
460 48.07038710488634
461 49.07038710488634
462 50.07038710488634
463 51.07038710488634
464 52.07038710488634
465 53.07038710488634
466 54.07038710488634
467 55.07038710488634
468 55.088545684343856
469 55.10669827827382
470 55.12484489259192
471 55.142985533204126
472 55.16112020600667
473 55.179248916886095
474 55.19737167171928
475 55.21548847637345
476 55.2335993367062
477 55.25170425856552
478 55.26980324778982
479 55.28789631020795
480 55.305983451639214
481 55.32406467789341
482 55.34213999477083
483 55.3602094080623
484 55.37827292354919
485 55.39633054700344
486 55.414382284187575
487 55.43242814085474
488 55.45046812274871
489 55.46850223560392
490 55.48653048514548
491 55.50455287708919
492 55.522569417141575
493 55.540580110999905
494 55.5585849643522
495 55.57658398287727
496 55.59457717224472
497 55.61256453811499
498 56.61256453811499
499 57.61256453811499
500 58.61256453811499
501 59.61256453811499
502 60.61256453811499
503 61.61256453811499
504 62.61256453811499
505 63.61256453811499
506 64.61256453811498
507 65.61256453811498
508 66.61256453811498
509 67.61256453811498
510 68.61256453811498
511 68.62713912815883
512 68.64171062294507
513 68.65627902444504
514 68.67084433462801
515 68.68540655546117
516 68.69996568890959
517 68.71452173693628
518 68.72907470150217
519 68.74362458456612
520 68.75817138808489
521 68.7727151140132
522 68.78725576430368
523 68.80179334090691
524 68.81632784577141
525 68.83085928084364
526 68.845387648068
527 68.85991294938682
528 68.87443518674044
529 68.88895436206708
530 68.90347047730297
531 68.91798353438229
532 68.93249353523716
533 68.94700048179769
534 68.96150437599195
535 68.976005219746
536 68.99050301498384
537 69.00499776362747
538 69.01948946759688
539 69.03397812881002
540 69.04846374918284
541 69.0629463306293
542 69.07742587506131
543 69.0919023843888
544 69.10637586051972
545 69.12084630535998
546 69.13531372081351
547 69.14977810878227
548 69.16423947116621
549 69.1786978098633
550 69.1931531267695
551 69.20760542377883
552 69.22205470278331
553 69.23650096567299
554 20.770950289701897
555 21.770950289701897
556 22.770950289701897
557 23.770950289701897
558 24.770950289701897
559 25.770950289701897
560 26.770950289701897
561 27.770950289701897
562 28.770950289701897
563 29.770950289701897
564 30.770950289701897
565 31.770950289701897
566 32.7709502897019
567 33.7709502897019
568 34.7709502897019
569 35.7709502897019
570 36.7709502897019
571 37.7709502897019
572 38.7709502897019
573 39.7709502897019
574 40.7709502897019
575 41.7709502897019
576 42.7709502897019
577 43.7709502897019
578 44.7709502897019
579 45.7709502897019
580 46.7709502897019
581 47.7709502897019
582 48.7709502897019
583 49.7709502897019
584 50.7709502897019
585 51.7709502897019
586 52.7709502897019
587 53.7709502897019
588 54.7709502897019
589 55.7709502897019
590 56.7709502897019
591 57.7709502897019
592 58.7709502897019
593 59.7709502897019
594 60.7709502897019
595 61.7709502897019
596 62.7709502897019
597 63.7709502897019
598 64.7709502897019
599 65.7709502897019
600 66.7709502897019
601 67.7709502897019
602 68.7709502897019
603 69.7709502897019
604 70.7709502897019
605 71.7709502897019
606 72.7709502897019
607 73.7709502897019
608 74.7709502897019
609 75.7709502897019
610 76.7709502897019
611 76.7839760500478
612 76.79699960068221
613 76.81002094272942
614 76.82304007731273
615 76.83605700555448
616 76.84907172857609
617 76.86208424749802
618 77.86208424749802
619 78.86208424749802
620 79.86208424749802
621 80.86208424749802
622 81.86208424749802
623 82.86208424749802
624 83.86208424749802
625 84.86208424749802
626 85.86208424749802
627 86.86208424749802
628 87.86208424749802
629 88.86208424749802
630 89.86208424749802
631 90.86208424749802
632 91.86208424749802
633 92.86208424749802
634 93.86208424749802
635 94.86208424749802
636 95.86208424749802
637 96.86208424749802
638 97.86208424749802
639 98.86208424749802
640 99.86208424749802
641 100.86208424749802
642 101.86208424749802
643 102.86208424749802
644 103.86208424749802
645 104.86208424749802
646 105.86208424749802
647 106.86208424749802
648 107.86208424749802
649 108.86208424749802
650 109.86208424749802
651 110.86208424749802
652 111.86208424749802
653 111.87102382704123
654 111.87996269222535
655 111.88890084322162
656 111.8978382802012
657 111.90677500333517
658 111.91571101279456
659 111.92464630875033
660 111.93358089137337
661 111.9425147608345
662 111.95144791730446
663 111.96038036095395
664 111.96931209195357
665 111.97824311047388
666 111.98717341668537
667 111.99610301075842
668 112.0050318928634
669 112.01396006317057
670 112.02288752185015
671 112.03181426907227
672 112.040740305007
673 112.04966562982437
674 112.0585902436943
675 112.06751414678665
676 112.07643733927122
677 112.08535982131777
678 112.09428159309594
679 112.10320265477534
680 112.11212300652551
681 112.1210426485159
682 112.1299615809159
683 112.13887980389485
684 112.14779731762202
685 112.15671412226659
686 112.16563021799769
687 112.17454560498439
688 112.18346028339568
689 112.19237425340047
690 112.20128751516764
691 112.21020006886596
692 112.21911191466417
693 112.22802305273092
694 112.23693348323481
695 113.23693348323481
696 114.23693348323481
697 115.23693348323481
698 34.571080044970444
699 35.571080044970444
700 36.571080044970444
701 37.571080044970444
702 38.571080044970444
703 39.571080044970444
704 40.571080044970444
705 41.571080044970444
706 42.571080044970444
707 12.771324013491133
708 13.771324013491133
709 14.771324013491133
710 15.771324013491133
711 16.77132401349113
712 17.77132401349113
713 18.77132401349113
714 19.77132401349113
715 20.77132401349113
716 21.77132401349113
717 22.77132401349113
718 23.77132401349113
719 24.77132401349113
720 25.77132401349113
721 26.77132401349113
722 27.77132401349113
723 28.77132401349113
724 29.77132401349113
725 30.77132401349113
726 31.77132401349113
727 32.77132401349113
728 33.77132401349113
729 34.77132401349113
730 35.77132401349113
731 36.77132401349113
732 37.77132401349113
733 38.77132401349113
734 39.77132401349113
735 40.77132401349113
736 41.77132401349113
737 42.77132401349113
738 43.77132401349113
739 44.77132401349113
740 45.77132401349113
741 46.77132401349113
742 47.77132401349113
743 47.79225707366165
744 47.813180965129234
745 47.83409569993279
746 47.85500129008491
747 48.85500129008491
748 49.85500129008491
749 50.85500129008491
750 51.85500129008491
751 52.85500129008491
752 53.85500129008491
753 54.85500129008491
754 55.85500129008491
755 56.85500129008491
756 57.85500129008491
757 58.85500129008491
758 59.85500129008491
759 60.85500129008491
760 61.85500129008491
761 62.85500129008491
762 63.85500129008491
763 64.85500129008491
764 65.85500129008491
765 66.85500129008491
766 67.85500129008491
767 68.85500129008491
768 69.85500129008491
769 69.8693166573676
770 69.88362909160686
771 69.8979385946049
772 69.91224516816209
773 69.92654881407697
774 69.94084953414624
775 69.95514733016473
776 69.9694422039255
777 69.9837341572197
778 69.99802319183671
779 70.01230930956406
780 70.02659251218745
781 70.04087280149078
782 70.0551501792561
783 70.06942464726369
784 70.08369620729196
785 70.09796486111756
786 70.1122306105153
787 70.12649345725819
788 70.14075340311744
789 70.15501044986247
790 70.1692645992609
791 70.18351585307852
792 70.19776421307937
793 70.21200968102568
794 70.22625225867789
795 71.22625225867789
796 72.22625225867789
797 73.22625225867789
798 74.22625225867789
799 75.22625225867789
800 76.22625225867789
801 77.22625225867789
802 78.22625225867789
803 79.22625225867789
804 80.22625225867789
805 81.22625225867789
806 82.22625225867789
807 83.22625225867789
808 84.22625225867789
809 85.22625225867789
810 86.22625225867789
811 87.22625225867789
812 88.22625225867789
813 89.22625225867789
814 90.22625225867789
815 91.22625225867789
816 92.22625225867789
817 92.23709515834592
818 92.24793678338065
819 92.25877713423151
820 92.26961621134767
821 92.28045401517801
822 92.29129054617118
823 92.30212580477557
824 92.31295979143927
825 92.32379250661013
826 92.33462395073575
827 92.34545412426343
828 92.35628302764025
829 92.36711066131299
830 92.37793702572822
831 92.38876212133218
832 92.39958594857089
833 92.41040850789011
834 92.42122979973533
835 92.43204982455178
836 92.44286858278443
837 92.45368607487798
838 92.4645023012769
839 92.47531726242535
840 92.48613095876729
841 92.49694339074637
842 92.507754558806
843 92.51856446338934
844 92.52937310493928
845 92.54018048389845
846 92.55098660070924
847 92.56179145581375
848 92.57259504965384
849 92.58339738267112
850 92.59419845530692
851 92.60499826800235
852 92.61579682119822
853 92.6265941153351
854 92.6373901508533
855 92.6481849281929
856 92.6589784477937
857 92.66977071009522
858 92.68056171553677
859 92.69135146455739
860 92.70213995759583
861 92.71292719509064
862 92.7237131774801
863 92.73449790520218
864 92.74528137869467
865 92.75606359839506
866 93.75606359839506
867 94.75606359839506
868 95.75606359839506
869 96.75606359839506
870 97.75606359839506
871 98.75606359839506
872 99.75606359839506
873 100.75606359839506
874 101.75606359839506
875 102.75606359839506
876 103.75606359839506
877 104.75606359839506
878 105.75606359839506
879 106.75606359839506
880 107.75606359839506
881 108.75606359839506
882 109.75606359839506
883 110.75606359839506
884 111.75606359839506
885 112.75606359839506
886 113.75606359839506
887 114.75606359839506
888 114.76477773487416
889 114.7734912096853
890 114.78220402297922
891 114.79091617490653
892 114.79962766561783
893 114.80833849526367
894 114.8170486639945
895 114.82575817196074
896 114.83446701931277
897 114.84317520620087
898 34.45295256186026
899 35.45295256186026
900 36.45295256186026
901 37.45295256186026
902 38.45295256186026
903 39.45295256186026
904 40.45295256186026
905 41.45295256186026
906 42.45295256186026
907 43.45295256186026
908 44.45295256186026
909 45.45295256186026
910 46.45295256186026
911 47.45295256186026
912 48.45295256186026
913 49.45295256186026
914 50.45295256186026
915 51.45295256186026
916 52.45295256186026
917 53.45295256186026
918 54.45295256186026
919 55.45295256186026
920 56.45295256186026
921 57.45295256186026
922 58.45295256186026
923 59.45295256186026
924 60.45295256186026
925 61.45295256186026
926 62.45295256186026
927 63.45295256186026
928 64.45295256186026
929 65.45295256186026
930 66.45295256186026
931 67.45295256186026
932 68.45295256186026
933 69.45295256186026
934 70.45295256186026
935 71.45295256186026
936 72.45295256186026
937 73.45295256186026
938 74.45295256186026
939 75.45295256186026
940 76.45295256186026
941 77.45295256186026
942 78.45295256186026
943 79.45295256186026
944 80.45295256186026
945 81.45295256186026
946 82.45295256186026
947 83.45295256186026
948 84.45295256186026
949 85.45295256186026
950 86.45295256186026
951 87.45295256186026
952 88.45295256186026
953 89.45295256186026
954 90.45295256186026
955 91.45295256186026
956 92.45295256186026
957 93.45295256186026
958 94.45295256186026
959 95.45295256186026
960 96.45295256186026
961 97.45295256186026
962 98.45295256186026
963 99.45295256186026
964 100.45295256186026
965 101.45295256186026
966 102.45295256186026
967 103.45295256186026
968 104.45295256186026
969 105.45295256186026
970 106.45295256186026
971 107.45295256186026
972 108.45295256186026
973 109.45295256186026
974 32.83588576855808
975 33.83588576855808
976 34.83588576855808
977 35.83588576855808
978 36.83588576855808
979 37.83588576855808
980 38.83588576855808
981 39.83588576855808
982 40.83588576855808
983 41.83588576855808
984 42.83588576855808
985 43.83588576855808
986 44.83588576855808
987 45.83588576855808
988 46.83588576855808
989 47.83588576855808
990 48.83588576855808
991 49.83588576855808
992 50.83588576855808
993 51.83588576855808
994 52.83588576855808
995 53.83588576855808
996 54.83588576855808
997 55.83588576855808
998 56.83588576855808
999 57.83588576855808
1000 58.83588576855808
1001 59.83588576855808
1002 60.83588576855808
1003 61.83588576855808
1004 62.83588576855808
1005 63.83588576855808
1006 64.83588576855809
1007 65.83588576855809
1008 66.83588576855809
1009 67.83588576855809
1010 68.83588576855809
1011 69.83588576855809
1012 70.83588576855809
1013 71.83588576855809
1014 72.83588576855809
1015 73.83588576855809
1016 74.83588576855809
1017 75.83588576855809
1018 76.83588576855809
1019 77.83588576855809
1020 78.83588576855809
1021 79.83588576855809
1022 80.83588576855809
1023 81.83588576855809
1024 82.83588576855809
1025 83.83588576855809
1026 84.83588576855809
1027 85.83588576855809
1028 86.83588576855809
1029 87.83588576855809
1030 88.83588576855809
1031 89.83588576855809
1032 90.83588576855809
1033 91.83588576855809
1034 92.83588576855809
1035 93.83588576855809
1036 94.83588576855809
1037 95.83588576855809
1038 96.83588576855809
1039 97.83588576855809
1040 98.83588576855809
1041 99.83588576855809
1042 100.83588576855809
1043 101.83588576855809
1044 102.83588576855809
1045 103.83588576855809
1046 104.83588576855809
1047 105.83588576855809
1048 106.83588576855809
1049 107.83588576855809
1050 108.83588576855809
1051 109.83588576855809
1052 110.83588576855809
1053 111.83588576855809
1054 112.83588576855809
1055 113.83588576855809
1056 114.83588576855809
1057 115.83588576855809
1058 116.83588576855809
1059 117.83588576855809
1060 118.83588576855809
1061 119.83588576855809
1062 120.83588576855809
1063 120.84416145581473
1064 120.85243657633319
1065 120.8607111302299
1066 120.86898511762124
1067 120.87725853862355
1068 120.88553139335313
1069 120.89380368192624
1070 120.90207540445911
1071 120.91034656106791
1072 120.9186171518688
1073 120.92688717697787
