1 2.5
2 4.0
3 5.5
4 7.0
5 8.5
6 10.0
7 11.5
8 13.0
9 14.5
10 16.0
11 17.5
12 19.0
13 20.5
14 22.0
15 23.5
16 25.0
17 26.5
18 28.0
19 29.5
20 31.0
21 32.5
22 34.0
23 35.5
24 37.0
25 38.5
26 40.0
27 41.5
28 43.0
29 44.5
30 46.0
31 47.5
32 49.0
33 50.5
34 52.0
35 53.5
36 55.0
37 56.5
38 58.0
39 59.5
40 61.0
41 62.5
42 64.0
43 65.5
44 67.0
45 68.5
46 70.0
47 71.5
48 73.0
49 74.5
50 76.0
51 77.5
52 7.75
53 9.25
54 10.75
55 12.25
56 13.75
57 15.25
58 16.75
59 18.25
60 19.75
61 21.25
62 22.75
63 24.25
64 25.75
65 27.25
66 28.75
67 30.25
68 31.75
69 33.25
70 34.75
71 36.25
72 37.75
73 39.25
74 40.75
75 42.25
76 43.75
77 45.25
78 46.75
79 48.25
80 49.75
81 51.25
82 52.75
83 54.25
84 55.75
85 57.25
86 58.75
87 60.25
88 61.75
89 63.25
90 64.75
91 66.25
92 67.75
93 69.25
94 70.75
95 72.25
96 73.75
97 75.25
98 76.75
99 78.25
100 79.75
101 81.25
102 82.75
103 84.25
104 85.75
105 87.25
106 88.75
107 90.25
108 91.75
109 93.25
110 94.75
111 96.25
112 97.75
113 99.25
114 100.75
115 102.25
116 103.75
117 105.25
118 106.75
119 108.25
120 108.25461893764434
121 108.25923767821085
122 108.26385622172477
123 108.2684745682113
124 108.27309271769566
125 108.27771067020306
126 108.2823284257587
127 108.2869459843878
128 108.29156334611552
129 108.29618051096706
130 108.30079747896761
131 109.80079747896761
132 111.30079747896761
133 112.80079747896761
134 114.30079747896761
135 115.80079747896761
136 117.30079747896761
137 118.80079747896761
138 120.30079747896761
139 121.80079747896761
140 123.30079747896761
141 124.80079747896761
142 126.30079747896761
143 127.80079747896761
144 129.3007974789676
145 130.8007974789676
146 132.3007974789676
147 133.8007974789676
148 135.3007974789676
149 136.8007974789676
150 138.3007974789676
151 139.8007974789676
152 141.3007974789676
153 142.8007974789676
154 144.3007974789676
155 145.8007974789676
156 147.3007974789676
157 148.8007974789676
158 150.3007974789676
159 151.8007974789676
160 153.3007974789676
161 154.8007974789676
162 156.3007974789676
163 157.8007974789676
164 159.3007974789676
165 160.8007974789676
166 162.3007974789676
167 163.8007974789676
168 165.3007974789676
169 166.8007974789676
170 166.80379506655447
171 166.80679260027244
172 166.80979008012446
173 166.8127875061134
174 166.81578487824223
175 166.81878219651378
176 166.821779460931
177 166.82477667149675
178 166.82777382821396
179 166.83077093108554
180 166.83376798011437
181 166.83676497530337
182 166.83976191665545
183 166.84275880417349
184 166.84575563786038
185 166.84875241771906
186 166.8517491437524
187 166.8547458159633
188 166.85774243435466
189 166.8607389989294
190 166.8637355096904
191 166.86673196664057
192 166.86972836978282
193 166.87272471912001
194 166.87572101465508
195 166.8787172563909
196 166.8817134443304
197 166.88470957847642
198 166.88770565883192
199 166.89070168539976
200 166.89369765818284
201 166.89669357718407
202 166.89968944240633
203 16.689968944240633
204 18.189968944240633
205 19.689968944240633
206 21.189968944240633
207 22.689968944240633
208 24.189968944240633
209 25.689968944240633
210 27.189968944240633
211 28.689968944240633
212 30.189968944240633
213 31.689968944240633
214 33.18996894424063
215 34.68996894424063
216 36.18996894424063
217 37.68996894424063
218 39.18996894424063
219 40.68996894424063
220 42.18996894424063
221 43.68996894424063
222 45.18996894424063
223 46.68996894424063
224 48.18996894424063
225 49.68996894424063
226 51.18996894424063
227 52.68996894424063
228 54.18996894424063
229 55.68996894424063
230 57.18996894424063
231 58.68996894424063
232 60.18996894424063
233 61.68996894424063
234 6.168996894424064
235 7.668996894424064
236 9.168996894424064
237 10.668996894424064
238 12.168996894424064
239 13.668996894424064
240 15.168996894424064
241 16.668996894424062
242 18.168996894424062
243 19.668996894424062
244 21.168996894424062
245 22.668996894424062
246 24.168996894424062
247 25.668996894424062
248 27.168996894424062
249 28.668996894424062
250 30.168996894424062
251 31.668996894424062
252 33.16899689442406
253 34.66899689442406
254 36.16899689442406
255 37.66899689442406
256 3.7668996894424063
257 5.266899689442406
258 6.766899689442406
259 8.266899689442406
260 9.766899689442406
261 11.266899689442406
262 12.766899689442406
263 14.266899689442406
264 15.766899689442406
265 17.266899689442404
266 18.766899689442404
267 20.266899689442404
268 21.766899689442404
269 23.266899689442404
270 24.766899689442404
271 26.266899689442404
272 27.766899689442404
273 29.266899689442404
274 30.766899689442404
275 32.266899689442404
276 33.766899689442404
277 35.266899689442404
278 36.766899689442404
279 38.266899689442404
280 39.766899689442404
281 41.266899689442404
282 42.766899689442404
283 44.266899689442404
284 45.766899689442404
285 47.266899689442404
286 48.766899689442404
287 50.266899689442404
288 51.766899689442404
289 53.266899689442404
290 53.27628638179573
291 53.285671420317684
292 53.29505480588218
293 53.30443653936236
294 53.31381662163057
295 53.32319505355842
296 54.82319505355842
297 56.32319505355842
298 57.82319505355842
299 59.32319505355842
300 60.82319505355842
301 62.32319505355842
302 63.82319505355842
303 65.32319505355842
304 66.82319505355842
305 68.32319505355842
306 69.82319505355842
307 71.32319505355842
308 72.82319505355842
309 74.32319505355842
310 75.82319505355842
311 77.32319505355842
312 78.82319505355842
313 80.32319505355842
314 81.82319505355842
315 81.82930579024712
316 81.8354160706066
317 81.84152589473908
318 81.84763526274675
319 81.85374417473174
320 81.85985263079617
321 81.86596063104209
322 81.87206817557153
323 81.87817526448649
324 81.88428189788891
325 81.89038807588072
326 81.89649379856378
327 81.90259906603994
328 81.90870387841099
329 81.91480823577871
330 81.9209121382448
331 81.92701558591097
332 81.93311857887885
333 81.93922111725006
334 81.94532320112616
335 81.9514248306087
336 81.95752600579917
337 81.96362672679902
338 81.96972699370968
339 81.97582680663255
340 81.98192616566897
341 81.98802507092023
342 81.99412352248761
343 82.00022152047235
344 82.00631906497563
345 82.01241615609861
346 82.01851279394242
347 82.02460897860814
348 82.03070471019683
349 82.03679998880948
350 83.53679998880948
351 85.03679998880948
352 86.53679998880948
353 88.03679998880948
354 89.53679998880948
355 91.03679998880948
356 92.53679998880948
357 94.03679998880948
358 95.53679998880948
359 97.03679998880948
360 98.53679998880948
361 100.03679998880948
362 101.53679998880948
363 103.03679998880948
364 104.53679998880948
365 106.03679998880948
366 107.53679998880948
367 109.03679998880948
368 110.53679998880948
369 110.5413233692588
370 110.54584656461019
371 110.55036957488636
372 110.55489240011003
373 11.055489240011005
374 12.555489240011005
375 14.055489240011005
376 15.555489240011005
377 17.055489240011006
378 18.555489240011006
379 1.8555489240011007
380 3.3555489240011007
381 4.8555489240011
382 6.3555489240011
383 7.8555489240011
384 9.3555489240011
385 10.8555489240011
386 12.3555489240011
387 13.8555489240011
388 15.3555489240011
389 16.8555489240011
390 18.3555489240011
391 19.8555489240011
392 21.3555489240011
393 22.8555489240011
394 24.3555489240011
395 25.8555489240011
396 27.3555489240011
397 27.37382675134023
398 27.392092374358228
399 27.410345817474827
400 28.910345817474827
401 30.410345817474827
402 31.910345817474827
403 33.41034581747483
404 34.91034581747483
405 36.41034581747483
406 37.91034581747483
407 39.41034581747483
408 40.91034581747483
409 42.41034581747483
410 42.42213539358797
411 42.43392169324878
412 42.44570471918766
413 42.45748447413125
414 42.469260960802394
415 42.48103418192017
416 42.49280414019988
417 42.50457083835306
418 42.51633427908751
419 42.52809446510726
420 42.53985139911262
421 42.55160508380016
422 42.56335552186273
423 42.57510271598945
424 42.586846668865746
425 42.59858738317333
426 42.61032486159022
427 42.62205910679075
428 44.12205910679075
429 45.62205910679075
430 47.12205910679075
431 48.62205910679075
432 50.12205910679075
433 51.62205910679075
434 53.12205910679075
435 54.62205910679075
436 56.12205910679075
437 57.62205910679075
438 57.630736339221365
439 57.63941226515535
440 57.6480868851827
441 57.656760199892965
442 57.665432209875256
443 57.67410291571824
444 57.68277231801012
445 57.6914404173387
446 57.70010721429129
447 57.70877270945481
448 57.71743690341571
449 57.726099796759996
450 57.73476139007325
451 57.74342168394061
452 57.752080678946776
453 57.760738375676
454 57.769394774712104
455 57.77804987663848
456 57.786703682038066
457 57.795356191493376
458 57.80400740558648
459 57.81265732489903
460 57.82130595001221
461 57.8299532815068
462 57.83859931996314
463 57.847244065961114
464 57.8558875200802
465 57.86452968289944
466 57.87317055499742
467 57.881810136952325
468 57.89044842934189
469 57.89908543274341
470 57.90772114773378
471 59.40772114773378
472 60.90772114773378
473 62.40772114773378
474 63.90772114773378
475 65.40772114773378
476 66.90772114773378
477 68.40772114773378
478 69.90772114773378
479 71.40772114773378
480 72.90772114773378
481 72.91457913193804
482 72.92143647111428
483 72.92829316544446
484 72.93514921511047
485 72.94200462029413
486 72.94885938117714
487 72.95571349794116
488 72.96256697076771
489 72.96941979983828
490 72.97627198533422
491 72.98312352743685
492 72.98997442632735
493 72.99682468218687
494 73.00367429519643
495 73.010523265537
496 73.01737159338944
497 73.02421927893452
498 73.03106632235296
499 73.03791272382536
500 73.04475848353225
501 73.05160360165408
502 73.0584480783712
503 73.06529191386389
504 73.07213510831235
505 73.07897766189669
506 73.08581957479691
507 73.09266084719297
508 73.09950147926472
509 73.10634147119191
510 73.11318082315424
511 73.12001953533131
512 73.12685760790265
513 73.13369504104767
514 73.14053183494575
515 73.14736798977613
516 73.154203505718
517 73.16103838295047
518 73.16787262165253
519 73.17470622200314
520 73.18153918418112
521 73.18837150836525
522 73.1952031947342
523 73.20203424346658
524 73.2088646547409
525 73.2156944287356
526 73.22252356562902
527 73.22935206559941
528 73.23617992882497
529 74.73617992882497
530 76.23617992882497
531 77.73617992882497
532 79.23617992882497
533 80.73617992882497
534 82.23617992882497
535 83.73617992882497
536 85.23617992882497
537 86.73617992882497
538 88.23617992882497
539 88.24184653860344
540 88.24751278449033
541 88.25317866655571
542 88.25884418486966
543 88.26450933950224
544 88.27017413052347
545 88.27583855800337
546 88.28150262201191
547 88.28716632261906
548 88.29282965989475
549 88.29849263390891
550 88.30415524473142
551 88.30981749243216
552 88.31547937708098
553 8.831547937708098
554 10.331547937708098
555 11.831547937708098
556 13.331547937708098
557 14.831547937708098
558 16.3315479377081
559 17.8315479377081
560 1.7831547937708099
561 3.2831547937708097
562 4.78315479377081
563 6.28315479377081
564 7.78315479377081
565 9.283154793770809
566 10.783154793770809
567 12.283154793770809
568 13.783154793770809
569 15.283154793770809
570 16.78315479377081
571 18.28315479377081
572 19.78315479377081
573 21.28315479377081
574 22.78315479377081
575 24.28315479377081
576 25.78315479377081
577 25.80254730038993
578 25.821925232118105
579 25.84128862177652
580 25.860637502063344
581 27.360637502063344
582 28.860637502063344
583 30.360637502063344
584 31.860637502063344
585 33.36063750206334
586 34.86063750206334
587 36.36063750206334
588 37.86063750206334
589 39.36063750206334
590 39.373340548348445
591 39.38603949624152
592 39.39873434970725
593 39.411425112703895
594 39.42411178918337
595 39.436794383091225
596 39.44947289836666
597 39.462147338942536
598 39.47481770874541
599 39.48748401169554
600 39.50014625170688
601 39.51280443268712
602 39.525458558537686
603 39.53810863315376
604 39.55075466042429
605 39.56339664423201
606 39.57603458845343
607 41.07603458845343
608 42.57603458845343
609 44.07603458845343
610 45.57603458845343
611 47.07603458845343
612 48.57603458845343
613 50.07603458845343
614 51.57603458845343
615 53.07603458845343
616 53.08545503600338
617 53.094873811817976
618 53.104290916786944
619 53.11370635179922
620 53.12312011774296
621 53.132532215505506
622 53.14194264597345
623 53.15135141003258
624 53.16075850856791
625 53.17016394246365
626 53.17956771260326
627 53.188969819869385
628 53.19837026514391
629 53.207769049307934
630 53.217166173241786
631 53.22656163782501
632 53.23595544393637
633 53.24534759245386
634 53.254738084254704
635 53.26412692021535
636 53.27351410121146
637 53.282899628117946
638 53.29228350180894
639 53.3016657231578
640 53.311046293037116
641 53.32042521231872
642 5.332042521231872
643 6.832042521231872
644 8.332042521231873
645 9.832042521231873
646 11.332042521231873
647 12.832042521231873
648 14.332042521231873
649 15.832042521231873
650 17.332042521231873
651 18.832042521231873
652 20.332042521231873
653 21.832042521231873
654 23.332042521231873
655 24.832042521231873
656 26.332042521231873
657 27.832042521231873
658 29.332042521231873
659 30.832042521231873
660 32.33204252123187
661 33.83204252123187
662 35.33204252123187
663 36.83204252123187
664 38.33204252123187
665 39.83204252123187
666 41.33204252123187
667 42.83204252123187
668 44.33204252123187
669 45.83204252123187
670 47.33204252123187
671 48.83204252123187
672 50.33204252123187
673 51.83204252123187
674 53.33204252123187
675 54.83204252123187
676 56.33204252123187
677 57.83204252123187
678 59.33204252123187
679 60.83204252123187
680 62.33204252123187
681 63.83204252123187
682 65.33204252123187
683 66.83204252123187
684 68.33204252123187
685 69.83204252123187
686 71.33204252123187
687 72.83204252123187
688 74.33204252123187
689 75.83204252123187
690 77.33204252123187
691 77.33850814639446
692 77.34497323102026
693 77.35143777524483
694 77.35790177920366
695 77.36436524303218
696 77.37082816686578
697 77.37729055083977
698 77.38375239508943
699 77.39021369974996
700 77.39667446495653
701 78.89667446495653
702 80.39667446495653
703 81.89667446495653
704 83.39667446495653
705 84.89667446495653
706 86.39667446495653
707 87.89667446495653
708 89.39667446495653
709 90.89667446495653
710 92.39667446495653
711 93.89667446495653
712 95.39667446495653
713 96.89667446495653
714 98.39667446495653
715 99.89667446495653
716 101.39667446495653
717 102.89667446495653
718 104.39667446495653
719 105.89667446495653
720 107.39667446495653
721 108.89667446495653
722 110.39667446495653
723 111.89667446495653
724 113.39667446495653
725 114.89667446495653
726 116.39667446495653
727 117.89667446495653
728 117.90091546668341
729 117.90515631585767
730 117.90939701249575
731 117.9136375566141
732 117.91787794822919
733 117.92211818735747
734 117.92635827401539
735 117.9305982082194
736 117.93483798998594
737 117.93907761933144
738 117.94331709627235
739 117.94755642082511
740 117.95179559300614
741 117.95603461283187
742 117.96027348031873
743 117.96451219548315
744 117.96875075834154
745 117.97298916891032
746 117.9772274272059
747 117.9814655332447
748 117.98570348704312
749 117.98994128861757
750 117.99417893798446
751 117.99841643516017
752 118.0026537801611
753 118.00689097300365
754 118.01112801370422
755 118.01536490227919
756 118.01960163874493
757 118.02383822311785
758 118.0280746554143
759 118.03231093565067
760 118.03654706384333
761 118.04078304000866
762 118.04501886416301
763 118.04925453632276
764 118.05349005650427
765 118.05772542472388
766 118.06196064099797
767 118.06619570534286
768 118.07043061777493
769 118.07466537831051
770 118.07889998696596
771 118.08313444375761
772 118.0873687487018
773 118.09160290181487
774 118.09583690311312
775 118.10007075261292
776 118.10430445033057
777 118.10853799628241
778 118.11277139048474
779 119.61277139048474
780 121.11277139048474
781 122.61277139048474
782 124.11277139048474
783 125.61277139048474
784 127.11277139048474
785 128.61277139048474
786 130.11277139048474
787 131.61277139048474
788 133.11277139048474
789 134.61277139048474
790 136.11277139048474
791 137.61277139048474
792 139.11277139048474
793 140.61277139048474
794 142.11277139048474
795 143.61277139048474
796 145.11277139048474
797 146.61277139048474
798 148.11277139048474
799 149.61277139048474
800 151.11277139048474
801 152.61277139048474
802 154.11277139048474
803 155.61277139048474
804 157.11277139048474
805 158.61277139048474
806 158.61592372176057
807 158.619075990387
808 158.62222819636776
809 158.6253803397066
810 158.62853242040723
811 158.6316844384734
812 158.63483639390884
813 158.6379882867173
814 158.6411401169025
815 158.64429188446817
816 158.64744358941803
817 158.65059523175583
818 158.6537468114853
819 158.65689832861014
820 158.66004978313413
821 158.66320117506098
822 158.6663525043944
823 158.66950377113815
824 158.67265497529596
825 158.67580611687154
826 158.67895719586863
827 158.68210821229096
828 158.68525916614223
829 158.68841005742618
830 158.69156088614656
831 158.6947116523071
832 158.69786235591147
833 158.70101299696344
834 158.70416357546674
835 158.70731409142508
836 158.71046454484218
837 158.71361493572178
838 158.7167652640676
839 158.71991552988337
840 158.7230657331728
841 158.72621587393962
842 158.72936595218755
843 158.7325159679203
844 158.73566592114162
845 158.7388158118552
846 158.7419656400648
847 158.7451154057741
848 158.74826510898683
849 158.75141474970673
850 158.7545643279375
851 158.75771384368286
852 158.76086329694655
853 158.76401268773228
854 158.76716201604376
855 158.7703112818847
856 158.77346048525882
857 158.77660962616986
858 158.7797587046215
859 158.78290772061752
860 158.78605667416156
861 158.78920556525736
862 158.79235439390865
863 158.79550316011915
864 158.79865186389256
865 158.8018005052326
866 158.80494908414298
867 158.8080976006274
868 158.8112460546896
869 158.81439444633327
870 158.81754277556215
871 158.8206910423799
872 158.8238392467903
873 158.82698738879702
874 158.83013546840377
875 158.83328348561426
876 158.83643144043222
877 158.83957933286135
878 158.84272716290533
879 158.84587493056793
880 158.8490226358528
881 158.85217027876368
882 158.85531785930428
883 158.8584653774783
884 158.86161283328943
885 158.8647602267414
886 158.8679075578379
887 15.88679075578379
888 17.386790755783792
889 18.886790755783792
890 20.386790755783792
891 21.886790755783792
892 23.386790755783792
893 24.886790755783792
894 26.386790755783792
895 27.886790755783792
896 29.386790755783792
897 30.886790755783792
898 32.38679075578379
899 33.88679075578379
900 35.38679075578379
901 36.88679075578379
902 38.38679075578379
903 39.88679075578379
904 41.38679075578379
905 42.88679075578379
906 44.38679075578379
907 45.88679075578379
908 47.38679075578379
909 48.88679075578379
910 50.38679075578379
911 51.88679075578379
912 53.38679075578379
913 54.88679075578379
914 56.38679075578379
915 57.88679075578379
916 59.38679075578379
917 60.88679075578379
918 62.38679075578379
919 63.88679075578379
920 65.38679075578379
921 66.88679075578379
922 68.38679075578379
923 69.88679075578379
924 71.38679075578379
925 72.88679075578379
926 74.38679075578379
927 75.88679075578379
928 77.38679075578379
929 78.88679075578379
930 80.38679075578379
931 81.88679075578379
932 83.38679075578379
933 84.88679075578379
934 86.38679075578379
935 87.88679075578379
936 89.38679075578379
937 90.88679075578379
938 9.08867907557838
939 10.58867907557838
940 12.08867907557838
941 13.58867907557838
942 15.08867907557838
943 16.58867907557838
944 18.08867907557838
945 19.58867907557838
946 21.08867907557838
947 22.58867907557838
948 24.08867907557838
949 25.58867907557838
950 27.08867907557838
951 28.58867907557838
952 30.08867907557838
953 31.58867907557838
954 33.08867907557838
955 34.58867907557838
956 36.08867907557838
957 37.58867907557838
958 39.08867907557838
959 40.58867907557838
960 42.08867907557838
961 43.58867907557838
962 45.08867907557838
963 46.58867907557838
964 48.08867907557838
965 49.58867907557838
966 51.08867907557838
967 52.58867907557838
968 54.08867907557838
969 55.58867907557838
970 57.08867907557838
971 58.58867907557838
972 60.08867907557838
973 61.58867907557838
974 63.08867907557838
975 64.58867907557838
976 66.08867907557838
977 67.58867907557838
978 6.758867907557839
979 8.258867907557839
980 9.758867907557839
981 11.258867907557839
982 1.125886790755784
983 2.625886790755784
984 4.125886790755784
985 5.625886790755784
986 7.125886790755784
987 8.625886790755784
988 10.125886790755784
989 11.625886790755784
990 13.125886790755784
991 14.625886790755784
992 16.125886790755786
993 17.625886790755786
994 19.125886790755786
995 20.625886790755786
996 20.6501281727178
997 20.674341097490856
998 20.698525665097737
999 20.722681974976517
1000 20.746810125985338
1001 20.77091021640713
1002 22.27091021640713
1003 23.77091021640713
1004 25.27091021640713
1005 26.77091021640713
1006 28.27091021640713
1007 29.77091021640713
1008 29.78770513454586
1009 29.80449058336582
1010 29.82126657886896
1011 29.83803313701221
1012 29.85479027370765
1013 29.871538004822693
1014 29.888276346180252
1015 29.905005313558924
1016 29.921724922693162
1017 29.93843518927344
1018 29.95513612894644
1019 29.9718277573152
1020 29.988510089939307
1021 30.005183142335056
1022 30.021846929975617
