2,0.01,0.2272727273,,,,2,0.01,0.3455836474,0.2941574771
2,0.01,0.2702702703,,,,2,0.02,0.4081245314,0.3971535661
2,0.01,0.303030303,,,,2,0.03,0.3992717386,0.4005897366
2,0.01,0.5555555556,,,,2,0.05,0.308661919,0.3186215306
2,0.01,0.4761904762,,,,2,0.1,0.1962592193,0.2475346885
2,0.01,0.2631578947,,,,,,,
2,0.01,0.3225806452,,,,,,,
2,0.01,0.3703703704,,,,,,,
2,0.01,0.3448275862,,,,,,,
2,0.01,0.3225806452,0.3455836474,,,,,,
2,0.02,0.2564102564,,,,,,,
2,0.02,0.2380952381,,,,,,,
2,0.02,0.3125,,,,,,,
2,0.02,0.5882352941,,,,,,,
2,0.02,0.4347826087,,,,,,,
2,0.02,0.2857142857,,,,,,,
2,0.02,0.4347826087,,,,,,,
2,0.02,0.3448275862,,,,,,,
2,0.02,0.4166666667,,,,,,,
2,0.02,0.7692307692,0.4081245314,,,,,,
2,0.03,0.3333333333,,,,,,,
2,0.03,0.3125,,,,,,,
2,0.03,0.2857142857,,,,,,,
2,0.03,0.7692307692,,,,,,,
2,0.03,0.2941176471,,,,,,,
2,0.03,0.3703703704,,,,,,,
2,0.03,0.4761904762,,,,,,,
2,0.03,0.3571428571,,,,,,,
2,0.03,0.5,,,,,,,
2,0.03,0.2941176471,0.3992717386,,,,,,
2,0.05,0.3571428571,,,,,,,
2,0.05,0.3703703704,,,,,,,
2,0.05,0.2564102564,,,,,,,
2,0.05,0.2702702703,,,,,,,
2,0.05,0.2777777778,,,,,,,
2,0.05,0.25,,,,,,,
2,0.05,0.2702702703,,,,,,,
2,0.05,0.2857142857,,,,,,,
2,0.05,0.4545454545,,,,,,,
2,0.05,0.2941176471,0.308661919,,,,,,
2,0.1,0.2222222222,,,,,,,
2,0.1,0.1886792453,,,,,,,
2,0.1,0.1818181818,,,,,,,
2,0.1,0.2222222222,,,,,,,
2,0.1,0.1408450704,,,,,,,
2,0.1,0.1818181818,,,,,,,
2,0.1,0.1923076923,,,,,,,
2,0.1,0.1818181818,,,,,,,
2,0.1,0.2380952381,,,,,,,
2,0.1,0.2127659574,0.1962592193,,,,,,
4,0.01,0.3225806452,,,,,,,
4,0.01,0.4545454545,,,,,,,
4,0.01,0.3703703704,,,,,,,
4,0.01,0.2777777778,,,,,,,
4,0.01,0.3448275862,,,,,,,
4,0.01,0.2173913043,,,,,,,
4,0.01,0.2222222222,,,,,,,
4,0.01,0.25,,,,,,,
4,0.01,0.2040816327,,,,,,,
4,0.01,0.2777777778,0.2941574771,,,,,,
4,0.02,0.4,,,,,,,
4,0.02,0.3448275862,,,,,,,
4,0.02,0.4347826087,,,,,,,
4,0.02,0.3571428571,,,,,,,
4,0.02,0.3333333333,,,,,,,
4,0.02,0.2777777778,,,,,,,
4,0.02,0.5555555556,,,,,,,
4,0.02,0.3571428571,,,,,,,
4,0.02,0.4761904762,,,,,,,
4,0.02,0.4347826087,0.3971535661,,,,,,
4,0.03,0.5,,,,,,,
4,0.03,0.3225806452,,,,,,,
4,0.03,0.5263157895,,,,,,,
4,0.03,0.4,,,,,,,
4,0.03,0.4347826087,,,,,,,
4,0.03,0.4545454545,,,,,,,
4,0.03,0.3571428571,,,,,,,
4,0.03,0.2702702703,,,,,,,
4,0.03,0.4545454545,,,,,,,
4,0.03,0.2857142857,0.4005897366,,,,,,
4,0.05,0.2325581395,,,,,,,
4,0.05,0.4166666667,,,,,,,
4,0.05,0.2380952381,,,,,,,
4,0.05,0.25,,,,,,,
4,0.05,0.3125,,,,,,,
4,0.05,0.4,,,,,,,
4,0.05,0.3225806452,,,,,,,
4,0.05,0.2941176471,,,,,,,
4,0.05,0.4166666667,,,,,,,
4,0.05,0.303030303,0.3186215306,,,,,,
4,0.1,0.25,,,,,,,
4,0.1,0.243902439,,,,,,,
4,0.1,0.25,,,,,,,
4,0.1,0.243902439,,,,,,,
4,0.1,0.2,,,,,,,
4,0.1,0.2777777778,,,,,,,
4,0.1,0.1960784314,,,,,,,
4,0.1,0.2941176471,,,,,,,
4,0.1,0.2564102564,,,,,,,
4,0.1,0.2631578947,0.2475346885,,,,,,
