0.380944 116
0.040984 1
0.940859 1
0.088087 1
0.127628 1
0.200296 2
0.272164 28
0.002276 116
0.767874 1
4.749879 1
0.143984 1
0.159962 1
0.128093 1
0.104020 1
0.439936 1
0.335963 1
0.208033 1
0.367636 1
0.632299 8
0.190728 2
0.739459 81
0.093486 2
0.000007 31
0.000045 2
0.000012 29
0.000030 2
0.000031 116
0.002007 18
5.992456 1
1.829694 1
0.848093 1
0.263905 1
1.176138 1
0.079727 2
0.488083 82
0.067452 2
0.000049 32
0.000025 2
0.000031 29
0.000038 2
0.000002 116
0.002087 23
3.172486 1
0.829945 1
0.663972 1
0.305724 1
0.590899 1
1.033406 1
0.070194 2
0.319741 82
0.071235 2
0.000006 32
0.000065 2
0.000007 29
0.000028 2
0.000015 116
0.001948 29
5.886413 1
2.952357 1
3.488076 1
0.633564 1
0.366518 1
2.784675 2
0.247032 82
0.076002 2
0.000014 32
0.000051 2
0.000011 45
0.000035 2
0.000014 116
0.002029 34
2.713868 1
1.344093 1
2.073787 1
0.302455 1
0.503883 1
2.528289 1
0.103738 1
0.522021 2
0.397818 82
0.084537 2
0.000037 32
0.000038 2
0.000023 45
0.000041 2
0.000015 116
0.001999 41
5.753152 1
0.424978 1
0.500322 1
0.030814 1
0.029997 1
0.029839 1
0.030639 1
0.029822 1
0.030838 1
0.031419 1
0.030459 1
0.029921 1
0.030268 1
0.030356 1
0.031061 1
0.030211 1
0.030188 1
0.030216 1
0.029273 1
0.213587 1
0.423929 4
2.307602 4
0.165161 5
1.728091 3
0.367871 3
0.232138 3
0.175180 3
0.192041 3
0.167748 4
1.120815 5
1.376271 5
1.984609 5
0.191304 5
1.039932 3
0.495242 3
0.184029 3
0.167843 3
0.184272 3
0.191509 5
1.201021 5
0.136201 3
0.215178 3
0.423679 3
0.184870 3
0.175292 3
0.168335 3
0.159951 3
0.185141 1
0.334817 1
1.287764 1
0.144293 2
0.528051 17
0.067777 2
0.000011 9
0.000079 17
0.000027 2
0.000014 24
0.000065 2
0.000010 28
0.000426 2
0.000017 20
0.000020 2
0.000012 18
0.000018 2
0.000010 72
0.001143 2
0.000019 72
0.000031 2
0.000017 72
0.000031 2
0.000016 30
0.000034 2
0.000016 38
0.000052 2
0.000016 38
0.000031 2
0.000024 38
0.000205 2
0.000026 30
0.000084 2
0.000012 82
0.000061 2
0.000006 82
0.000027 2
0.000011 82
0.000024 2
0.000011 30
0.000019 2
0.000012 38
0.000022 2
0.000011 38
0.000023 2
0.000010 38
0.000022 2
0.000011 82
0.000042 2
0.000005 30
0.000019 2
0.000012 31
0.000029 2
0.000012 82
0.000063 2
0.000019 30
0.000020 2
0.000017 31
0.000022 2
0.000019 82
0.000054 2
0.000022 30
0.000023 2
0.000034 31
0.000008 2
0.000016 82
0.000083 2
0.000003 82
0.000036 2
0.000019 82
0.000033 2
0.000011 30
0.000018 2
0.000011 38
0.000023 2
0.000016 38
0.000027 2
0.000017 38
0.000026 2
0.000027 30
0.000026 2
0.000008 30
0.000026 2
0.000024 82
0.000028 2
0.000005 30
0.000024 2
0.000014 31
0.000021 2
0.000015 83
0.000109 85
0.000008 2
0.000016 30
0.000028 2
0.000011 38
0.000033 2
0.000016 38
0.000030 2
0.000016 30
0.000026 2
0.000013 30
0.000028 2
0.000019 30
0.000032 2
0.000010 83
0.000030 2
0.000014 30
0.000018 2
0.000012 31
0.000019 2
0.000010 83
0.000044 2
0.000015 83
0.000022 32
0.000027 2
0.000016 38
0.000020 2
0.000014 38
0.000017 2
0.000027 32
0.000026 83
0.000029 2
0.000016 83
0.000021 2
0.000014 30
0.000018 2
0.000010 38
0.000021 2
0.000014 38
0.000018 2
0.000013 30
0.000025 2
0.000013 30
0.000023 2
0.000013 30
0.000023 2
0.000013 30
0.000022 2
0.000014 30
0.000021 2
0.000014 83
0.000053 2
0.000015 30
0.000017 2
0.000014 31
0.000015 2
0.000014 83
0.000042 2
0.000014 30
0.000016 2
0.000014 31
0.000015 2
0.000027 83
0.000027 2
0.000028 30
0.000004 2
0.000012 31
0.000016 2
0.000026 34
0.000028 32
0.000016 2
0.000007 32
0.000014 2
0.000014 32
0.000016 2
0.000013 32
0.000016 2
0.000015 32
0.000017 2
0.000010 32
0.000016 2
0.000016 32
0.000017 2
0.000010 33
0.000018 2
0.000009 19
0.000021 2
0.000009 81
0.000040 2
0.000014 17
0.000025 2
0.000010 29
0.000025 2
0.000011 116
0.002272 1
11.820158 1
0.072118 16
0.943866 2
2.594031 83
0.082378 2
0.000029 31
0.000037 2
0.000015 29
0.000074 2
0.000009 83
0.070453 2
0.000031 32
0.000016 2
0.000014 29
0.000022 2
0.000013 83
0.072058 2
0.000025 31
0.000064 2
0.000008 29
0.000024 2
0.000011 83
0.071636 2
0.000039 31
0.000035 2
0.000024 29
0.000027 2
0.000016 83
0.070890 2
0.000012 34
0.000080 29
0.000028 2
0.000025 83
0.073232 2
0.000025 31
0.000037 2
0.000011 29
0.000031 2
0.000020 83
0.075491 2
0.000066 33
0.000040 29
0.000044 2
0.000044 83
0.070381 2
0.000037 31
0.000052 2
0.000010 29
0.000063 2
0.000003 83
0.074545 2
0.000008 32
0.000035 2
0.000014 31
0.000050 83
0.070886 2
0.000010 32
0.000052 2
0.000007 29
0.000027 2
0.000006 83
0.072029 2
0.000004 31
0.000064 2
0.000007 29
0.000023 2
0.000003 83
0.071063 2
0.000004 31
0.000060 2
0.000011 29
0.000021 2
0.000011 83
0.071563 2
0.000039 33
0.000008 29
0.000039 2
0.000006 83
0.071235 2
0.000049 32
0.000023 2
0.000028 29
0.000028 2
0.000017 83
0.072168 2
0.000043 16
0.000024 2
0.000031 29
0.000036 2
0.000021 83
0.071805 2
0.000006 32
0.000069 2
0.000012 29
0.000020 2
0.000013 83
0.073273 2
0.000042 32
0.000072 2
0.000005 29
0.000071 2
0.000005 83
0.069462 2
0.000009 31
0.000051 2
0.000009 29
0.000005 2
0.000022 83
0.072605 2
0.000011 33
0.000081 29
0.000070 2
0.000005 83
0.074581 2
0.000021 31
0.000044 2
0.000017 31
0.000073 83
0.072155 2
0.000012 31
0.000017 2
0.000034 29
0.000042 2
0.000003 83
0.071904 2
0.000034 32
0.000020 2
0.000013 29
0.000031 2
0.000007 83
0.070656 2
0.000043 32
0.000020 2
0.000026 29
0.000056 2
0.000013 83
0.070311 2
0.000006 31
0.000041 2
0.000034 29
0.000027 2
0.000010 83
0.073358 2
0.000004 32
0.000064 2
0.000018 29
0.000014 2
0.000019 83
0.070944 2
0.000043 32
0.000027 2
0.000019 29
0.000035 2
0.000019 83
0.071704 2
0.000029 32
0.000022 2
0.000015 29
0.000038 2
0.000006 83
0.072658 2
0.000029 31
0.000020 2
0.000012 29
0.000045 2
0.000011 83
0.074430 2
0.000022 31
0.000049 2
0.000017 29
0.000055 2
0.000005 83
0.081646 2
0.000020 32
0.000073 2
0.000004 31
0.000071 83
0.071961 2
0.000039 31
0.000037 2
0.000024 29
0.000027 2
0.000021 83
0.074139 2
0.000039 31
0.000029 2
0.000015 29
0.000036 2
0.000023 83
0.072116 2
0.000031 31
0.000022 2
0.000019 29
0.000029 2
0.000024 83
0.077561 2
0.000005 33
0.000080 31
0.000073 83
0.073431 2
0.000041 31
0.000032 2
0.000044 29
0.000006 2
0.000023 83
0.071530 2
0.000048 16
0.000023 2
0.000019 31
0.000082 83
0.072905 2
0.000006 19
0.000038 2
0.000006 29
0.000034 2
0.000022 83
0.087859 34
0.000096 2
0.000040 29
0.000045 2
0.000037 83
0.119388 2
0.000015 32
0.000049 2
0.000044 29
0.000071 2
0.000035 83
0.118452 2
0.000036 32
0.000051 2
0.000009 29
0.000046 2
0.000008 82
0.103129 2
0.000011 34
0.000044 29
0.000044 2
0.000017 82
0.095449 2
0.000063 31
0.000035 2
0.000012 29
0.000068 2
0.000006 82
0.089739 2
0.000078 32
0.000071 2
0.000030 29
0.000054 2
0.000029 82
0.090210 2
0.000058 32
0.000023 2
0.000016 29
0.000057 2
0.000011 82
0.099468 2
0.000036 65
0.000186 82
0.074408 2
0.000037 31
0.000038 2
0.000025 29
0.000026 2
0.000005 82
0.077808 2
0.000031 32
0.000021 2
0.000014 29
0.000034 2
0.000015 82
0.073757 2
0.000046 32
0.000027 2
0.000030 29
0.000040 2
0.000003 82
0.073927 2
0.000042 32
0.000030 2
0.000019 29
0.000034 2
0.000014 82
0.073228 2
0.000017 32
0.000056 2
0.000008 29
0.000022 2
0.000013 83
0.072810 2
0.000061 32
0.000008 2
0.000017 29
0.000033 2
0.000018 83
0.071417 2
0.000010 31
0.000038 2
0.000006 29
0.000033 2
0.000020 83
0.071048 2
0.000030 32
0.000022 2
0.000025 29
0.000020 2
0.000009 83
0.072979 2
0.000008 32
0.000042 2
0.000006 29
0.000026 2
0.000005 83
0.072514 2
0.000005 32
0.000038 2
0.000017 29
0.000031 2
0.000016 83
0.070036 2
0.000049 31
0.000023 2
0.000035 29
0.000033 2
0.000007 83
0.071348 2
0.000029 32
0.000021 2
0.000013 29
0.000033 2
0.000025 83
0.073637 2
0.000032 32
0.000020 2
0.000014 29
0.000033 2
0.000016 83
0.075905 2
0.000007 32
0.000046 2
0.000020 29
0.000005 2
0.000016 83
0.071500 2
0.000046 32
0.000045 2
0.000022 31
0.000045 83
0.070530 2
0.000032 32
0.000019 2
0.000014 31
0.000046 83
0.071446 2
0.000006 32
0.000056 2
0.000007 29
0.000033 2
0.000005 83
0.073708 2
0.000031 32
0.000019 2
0.000013 29
0.000026 2
0.000015 83
0.071183 2
0.000008 31
0.000051 2
0.000007 29
0.000045 2
0.000004 83
0.072914 2
0.000037 32
0.000042 2
0.000032 29
0.000027 2
0.000019 83
0.071567 2
0.000016 32
0.000022 2
0.000013 29
0.000034 2
0.000014 83
0.080624 2
0.000039 32
0.000023 2
0.000023 29
0.000040 2
0.000026 83
0.069405 33
0.000007 2
0.000019 29
0.000030 2
0.000022 83
0.071990 2
0.000025 32
0.000082 31
0.000005 2
0.000023 83
0.073354 2
0.000006 32
0.000037 2
0.000005 29
0.000031 2
0.000024 83
0.070717 2
0.000004 32
0.000061 2
0.000007 29
0.000018 2
0.000005 83
0.071317 35
0.000008 29
0.000032 2
0.000004 83
0.075383 2
0.000024 32
0.000044 2
0.000013 29
0.000039 2
0.000014 83
0.070884 2
0.000024 34
0.000071 31
0.000078 83
0.070864 2
0.000004 31
0.000057 2
0.000008 31
0.000079 83
0.071670 2
0.000020 31
0.000053 2
0.000013 29
0.000022 2
0.000016 83
0.071751 2
0.000029 32
0.000023 2
0.000014 29
0.000030 2
0.000013 83
0.072077 2
0.000012 32
0.000038 2
0.000005 29
0.000038 2
0.000021 83
0.070772 2
0.000004 32
0.000064 2
0.000008 29
0.000010 2
0.000021 83
0.073285 2
0.000041 32
0.000023 2
0.000023 29
0.000030 2
0.000022 83
0.071118 2
0.000004 32
0.000067 2
0.000008 29
0.000027 2
0.000007 83
0.072339 2
0.000046 31
0.000036 2
0.000017 31
0.000080 83
0.076524 2
0.000022 31
0.000031 2
0.000004 29
0.000045 2
0.000014 83
0.073991 2
0.000031 16
0.000036 2
0.000016 29
0.000036 2
0.000013 83
0.082300 2
0.000006 32
0.000081 2
0.000004 29
0.000060 2
0.000015 83
0.074155 2
0.000012 32
0.000035 2
0.000006 31
0.000080 83
0.072332 2
0.000011 32
0.000070 2
0.000003 29
0.000041 2
0.000013 83
0.072633 2
0.000011 31
0.000046 2
0.000006 29
0.000024 2
0.000007 83
0.069379 2
0.000007 32
0.000045 2
0.000052 29
0.000007 2
0.000044 83
0.073383 2
0.000032 32
0.000035 2
0.000008 29
0.000040 2
0.000035 82
0.072499 2
0.000004 31
0.000064 2
0.000007 29
0.000027 2
0.000005 82
0.072578 2
0.000041 31
0.000027 2
0.000024 29
0.000040 2
0.000016 82
0.071653 2
0.000005 32
0.000057 2
0.000025 29
0.000033 2
0.000012 82
0.071895 2
0.000019 31
0.000039 2
0.000004 29
0.000044 2
0.000006 82
0.073646 2
0.000023 32
0.000042 2
0.000017 29
0.000067 2
0.000005 82
0.074570 2
0.000008 32
0.000044 2
0.000022 29
0.000026 2
0.000023 82
0.073118 2
0.000006 32
0.000047 2
0.000019 29
0.000042 2
0.000003 82
0.073278 2
0.000037 32
0.000025 2
0.000020 29
0.000042 2
0.000014 82
0.073280 2
0.000004 32
0.000070 2
0.000013 29
0.000007 2
0.000015 82
0.077523 2
0.000031 31
0.000065 2
0.000032 29
0.000064 2
0.000007 116
0.002402 1
4.229366 1
0.103983 1
0.136024 1
0.520001 2
0.119911 6
